     0.356160E+03     0.293166E+03     0.293235E+03     0.293303E+03     0.293368E+03     0.293429E+03     0.293485E+03     0.293535E+03     0.293579E+03     0.293617E+03     0.293649E+03     0.293676E+03     0.293697E+03     0.293714E+03     0.293728E+03     0.293738E+03     0.293745E+03     0.293751E+03     0.293755E+03     0.293757E+03     0.293759E+03     0.293761E+03     0.293762E+03     0.293762E+03     0.293762E+03     0.293763E+03     0.293763E+03     0.293763E+03     0.293763E+03     0.293763E+03     0.293763E+03     0.293763E+03     0.293763E+03     0.293763E+03     0.293763E+03     0.293763E+03     0.293763E+03     0.293763E+03     0.293763E+03     0.293763E+03     0.293763E+03     0.293763E+03     0.293763E+03     0.293763E+03     0.293763E+03     0.293763E+03     0.293763E+03     0.293763E+03     0.293763E+03     0.293763E+03     0.293763E+03     0.293763E+03     0.293763E+03     0.293763E+03     0.293763E+03     0.293763E+03     0.293763E+03     0.293763E+03     0.293763E+03     0.293763E+03     0.293763E+03     0.293763E+03     0.293763E+03     0.293763E+03     0.293763E+03     0.293763E+03     0.293763E+03     0.293763E+03     0.293763E+03     0.293763E+03     0.293763E+03     0.293763E+03     0.293763E+03     0.293763E+03     0.293763E+03     0.293763E+03     0.293763E+03     0.293762E+03     0.293762E+03     0.293762E+03     0.293761E+03     0.293759E+03     0.293757E+03     0.293755E+03     0.293751E+03     0.293745E+03     0.293738E+03     0.293728E+03     0.293714E+03     0.293697E+03     0.293676E+03     0.293649E+03     0.293617E+03     0.293579E+03     0.293535E+03     0.293485E+03     0.293429E+03     0.293368E+03     0.293303E+03     0.293235E+03     0.293166E+03     0.356160E+03
     0.293166E+03     0.293166E+03     0.293235E+03     0.293303E+03     0.293368E+03     0.293429E+03     0.293485E+03     0.293535E+03     0.293579E+03     0.293617E+03     0.293649E+03     0.293676E+03     0.293697E+03     0.293714E+03     0.293728E+03     0.293738E+03     0.293745E+03     0.293751E+03     0.293755E+03     0.293757E+03     0.293759E+03     0.293761E+03     0.293762E+03     0.293762E+03     0.293762E+03     0.293763E+03     0.293763E+03     0.293763E+03     0.293763E+03     0.293763E+03     0.293763E+03     0.293763E+03     0.293763E+03     0.293763E+03     0.293763E+03     0.293763E+03     0.293763E+03     0.293763E+03     0.293763E+03     0.293763E+03     0.293763E+03     0.293763E+03     0.293763E+03     0.293763E+03     0.293763E+03     0.293763E+03     0.293763E+03     0.293763E+03     0.293763E+03     0.293763E+03     0.293763E+03     0.293763E+03     0.293763E+03     0.293763E+03     0.293763E+03     0.293763E+03     0.293763E+03     0.293763E+03     0.293763E+03     0.293763E+03     0.293763E+03     0.293763E+03     0.293763E+03     0.293763E+03     0.293763E+03     0.293763E+03     0.293763E+03     0.293763E+03     0.293763E+03     0.293763E+03     0.293763E+03     0.293763E+03     0.293763E+03     0.293763E+03     0.293763E+03     0.293763E+03     0.293763E+03     0.293762E+03     0.293762E+03     0.293762E+03     0.293761E+03     0.293759E+03     0.293757E+03     0.293755E+03     0.293751E+03     0.293745E+03     0.293738E+03     0.293728E+03     0.293714E+03     0.293697E+03     0.293676E+03     0.293649E+03     0.293617E+03     0.293579E+03     0.293535E+03     0.293485E+03     0.293429E+03     0.293368E+03     0.293303E+03     0.293235E+03     0.293166E+03     0.293166E+03
     0.293235E+03     0.293235E+03     0.294140E+03     0.295025E+03     0.295871E+03     0.296664E+03     0.297392E+03     0.298046E+03     0.298621E+03     0.299117E+03     0.299535E+03     0.299881E+03     0.300161E+03     0.300383E+03     0.300556E+03     0.300687E+03     0.300785E+03     0.300857E+03     0.300909E+03     0.300945E+03     0.300970E+03     0.300987E+03     0.300998E+03     0.301005E+03     0.301010E+03     0.301013E+03     0.301015E+03     0.301016E+03     0.301017E+03     0.301017E+03     0.301017E+03     0.301017E+03     0.301017E+03     0.301017E+03     0.301017E+03     0.301017E+03     0.301017E+03     0.301017E+03     0.301017E+03     0.301017E+03     0.301017E+03     0.301017E+03     0.301017E+03     0.301017E+03     0.301017E+03     0.301017E+03     0.301017E+03     0.301017E+03     0.301017E+03     0.301017E+03     0.301017E+03     0.301017E+03     0.301017E+03     0.301017E+03     0.301017E+03     0.301017E+03     0.301017E+03     0.301017E+03     0.301017E+03     0.301017E+03     0.301017E+03     0.301017E+03     0.301017E+03     0.301017E+03     0.301017E+03     0.301017E+03     0.301017E+03     0.301017E+03     0.301017E+03     0.301017E+03     0.301017E+03     0.301017E+03     0.301017E+03     0.301017E+03     0.301016E+03     0.301015E+03     0.301013E+03     0.301010E+03     0.301005E+03     0.300998E+03     0.300987E+03     0.300970E+03     0.300945E+03     0.300909E+03     0.300857E+03     0.300785E+03     0.300687E+03     0.300556E+03     0.300383E+03     0.300161E+03     0.299881E+03     0.299535E+03     0.299117E+03     0.298621E+03     0.298046E+03     0.297392E+03     0.296664E+03     0.295871E+03     0.295025E+03     0.294140E+03     0.293235E+03     0.293235E+03
     0.293303E+03     0.293303E+03     0.295025E+03     0.296707E+03     0.298318E+03     0.299826E+03     0.301211E+03     0.302455E+03     0.303549E+03     0.304492E+03     0.305288E+03     0.305946E+03     0.306479E+03     0.306901E+03     0.307230E+03     0.307480E+03     0.307667E+03     0.307803E+03     0.307901E+03     0.307970E+03     0.308018E+03     0.308050E+03     0.308071E+03     0.308085E+03     0.308094E+03     0.308100E+03     0.308103E+03     0.308105E+03     0.308106E+03     0.308107E+03     0.308107E+03     0.308108E+03     0.308108E+03     0.308108E+03     0.308108E+03     0.308108E+03     0.308108E+03     0.308108E+03     0.308108E+03     0.308108E+03     0.308108E+03     0.308108E+03     0.308108E+03     0.308108E+03     0.308108E+03     0.308108E+03     0.308108E+03     0.308108E+03     0.308108E+03     0.308108E+03     0.308108E+03     0.308108E+03     0.308108E+03     0.308108E+03     0.308108E+03     0.308108E+03     0.308108E+03     0.308108E+03     0.308108E+03     0.308108E+03     0.308108E+03     0.308108E+03     0.308108E+03     0.308108E+03     0.308108E+03     0.308108E+03     0.308108E+03     0.308108E+03     0.308108E+03     0.308108E+03     0.308108E+03     0.308107E+03     0.308107E+03     0.308106E+03     0.308105E+03     0.308103E+03     0.308100E+03     0.308094E+03     0.308085E+03     0.308071E+03     0.308050E+03     0.308018E+03     0.307970E+03     0.307901E+03     0.307803E+03     0.307667E+03     0.307480E+03     0.307230E+03     0.306901E+03     0.306479E+03     0.305946E+03     0.305288E+03     0.304492E+03     0.303549E+03     0.302455E+03     0.301211E+03     0.299826E+03     0.298318E+03     0.296707E+03     0.295025E+03     0.293303E+03     0.293303E+03
     0.293368E+03     0.293368E+03     0.295871E+03     0.298318E+03     0.300659E+03     0.302852E+03     0.304865E+03     0.306674E+03     0.308265E+03     0.309636E+03     0.310793E+03     0.311750E+03     0.312525E+03     0.313139E+03     0.313617E+03     0.313981E+03     0.314252E+03     0.314451E+03     0.314593E+03     0.314694E+03     0.314763E+03     0.314809E+03     0.314840E+03     0.314861E+03     0.314874E+03     0.314882E+03     0.314887E+03     0.314890E+03     0.314891E+03     0.314892E+03     0.314893E+03     0.314893E+03     0.314893E+03     0.314894E+03     0.314894E+03     0.314894E+03     0.314894E+03     0.314894E+03     0.314894E+03     0.314894E+03     0.314894E+03     0.314894E+03     0.314894E+03     0.314894E+03     0.314894E+03     0.314894E+03     0.314894E+03     0.314894E+03     0.314894E+03     0.314894E+03     0.314894E+03     0.314894E+03     0.314894E+03     0.314894E+03     0.314894E+03     0.314894E+03     0.314894E+03     0.314894E+03     0.314894E+03     0.314894E+03     0.314894E+03     0.314894E+03     0.314894E+03     0.314894E+03     0.314894E+03     0.314894E+03     0.314894E+03     0.314894E+03     0.314894E+03     0.314893E+03     0.314893E+03     0.314893E+03     0.314892E+03     0.314891E+03     0.314890E+03     0.314887E+03     0.314882E+03     0.314874E+03     0.314861E+03     0.314840E+03     0.314809E+03     0.314763E+03     0.314694E+03     0.314593E+03     0.314451E+03     0.314252E+03     0.313981E+03     0.313617E+03     0.313139E+03     0.312525E+03     0.311750E+03     0.310793E+03     0.309636E+03     0.308265E+03     0.306674E+03     0.304865E+03     0.302852E+03     0.300659E+03     0.298318E+03     0.295871E+03     0.293368E+03     0.293368E+03
     0.293429E+03     0.293429E+03     0.296664E+03     0.299826E+03     0.302852E+03     0.305688E+03     0.308290E+03     0.310627E+03     0.312684E+03     0.314457E+03     0.315952E+03     0.317189E+03     0.318190E+03     0.318984E+03     0.319602E+03     0.320072E+03     0.320423E+03     0.320680E+03     0.320864E+03     0.320994E+03     0.321083E+03     0.321144E+03     0.321184E+03     0.321210E+03     0.321226E+03     0.321237E+03     0.321243E+03     0.321247E+03     0.321249E+03     0.321251E+03     0.321252E+03     0.321252E+03     0.321252E+03     0.321252E+03     0.321252E+03     0.321252E+03     0.321252E+03     0.321252E+03     0.321252E+03     0.321252E+03     0.321252E+03     0.321252E+03     0.321252E+03     0.321252E+03     0.321252E+03     0.321252E+03     0.321252E+03     0.321252E+03     0.321252E+03     0.321252E+03     0.321252E+03     0.321252E+03     0.321252E+03     0.321252E+03     0.321252E+03     0.321252E+03     0.321252E+03     0.321252E+03     0.321252E+03     0.321252E+03     0.321252E+03     0.321252E+03     0.321252E+03     0.321252E+03     0.321252E+03     0.321252E+03     0.321252E+03     0.321252E+03     0.321252E+03     0.321252E+03     0.321252E+03     0.321252E+03     0.321251E+03     0.321249E+03     0.321247E+03     0.321243E+03     0.321237E+03     0.321226E+03     0.321210E+03     0.321184E+03     0.321144E+03     0.321083E+03     0.320994E+03     0.320864E+03     0.320680E+03     0.320423E+03     0.320072E+03     0.319602E+03     0.318984E+03     0.318190E+03     0.317189E+03     0.315952E+03     0.314457E+03     0.312684E+03     0.310627E+03     0.308290E+03     0.305688E+03     0.302852E+03     0.299826E+03     0.296664E+03     0.293429E+03     0.293429E+03
     0.293485E+03     0.293485E+03     0.297392E+03     0.301211E+03     0.304865E+03     0.308290E+03     0.311432E+03     0.314255E+03     0.316739E+03     0.318880E+03     0.320686E+03     0.322179E+03     0.323389E+03     0.324348E+03     0.325094E+03     0.325661E+03     0.326085E+03     0.326396E+03     0.326618E+03     0.326775E+03     0.326883E+03     0.326956E+03     0.327004E+03     0.327035E+03     0.327056E+03     0.327068E+03     0.327076E+03     0.327081E+03     0.327083E+03     0.327085E+03     0.327086E+03     0.327086E+03     0.327087E+03     0.327087E+03     0.327087E+03     0.327087E+03     0.327087E+03     0.327087E+03     0.327087E+03     0.327087E+03     0.327087E+03     0.327087E+03     0.327087E+03     0.327087E+03     0.327087E+03     0.327087E+03     0.327087E+03     0.327087E+03     0.327087E+03     0.327087E+03     0.327087E+03     0.327087E+03     0.327087E+03     0.327087E+03     0.327087E+03     0.327087E+03     0.327087E+03     0.327087E+03     0.327087E+03     0.327087E+03     0.327087E+03     0.327087E+03     0.327087E+03     0.327087E+03     0.327087E+03     0.327087E+03     0.327087E+03     0.327087E+03     0.327087E+03     0.327087E+03     0.327086E+03     0.327086E+03     0.327085E+03     0.327083E+03     0.327081E+03     0.327076E+03     0.327068E+03     0.327056E+03     0.327035E+03     0.327004E+03     0.326956E+03     0.326883E+03     0.326775E+03     0.326618E+03     0.326396E+03     0.326085E+03     0.325661E+03     0.325094E+03     0.324348E+03     0.323389E+03     0.322179E+03     0.320686E+03     0.318880E+03     0.316739E+03     0.314255E+03     0.311432E+03     0.308290E+03     0.304865E+03     0.301211E+03     0.297392E+03     0.293485E+03     0.293485E+03
     0.293535E+03     0.293535E+03     0.298046E+03     0.302455E+03     0.306674E+03     0.310627E+03     0.314255E+03     0.317515E+03     0.320382E+03     0.322854E+03     0.324939E+03     0.326663E+03     0.328059E+03     0.329167E+03     0.330028E+03     0.330684E+03     0.331173E+03     0.331531E+03     0.331788E+03     0.331969E+03     0.332094E+03     0.332178E+03     0.332234E+03     0.332270E+03     0.332293E+03     0.332308E+03     0.332317E+03     0.332322E+03     0.332325E+03     0.332327E+03     0.332328E+03     0.332329E+03     0.332329E+03     0.332329E+03     0.332330E+03     0.332330E+03     0.332330E+03     0.332330E+03     0.332330E+03     0.332330E+03     0.332330E+03     0.332330E+03     0.332330E+03     0.332330E+03     0.332330E+03     0.332330E+03     0.332330E+03     0.332330E+03     0.332330E+03     0.332330E+03     0.332330E+03     0.332330E+03     0.332330E+03     0.332330E+03     0.332330E+03     0.332330E+03     0.332330E+03     0.332330E+03     0.332330E+03     0.332330E+03     0.332330E+03     0.332330E+03     0.332330E+03     0.332330E+03     0.332330E+03     0.332330E+03     0.332330E+03     0.332330E+03     0.332329E+03     0.332329E+03     0.332329E+03     0.332328E+03     0.332327E+03     0.332325E+03     0.332322E+03     0.332317E+03     0.332308E+03     0.332293E+03     0.332270E+03     0.332234E+03     0.332178E+03     0.332094E+03     0.331969E+03     0.331788E+03     0.331531E+03     0.331173E+03     0.330684E+03     0.330028E+03     0.329167E+03     0.328059E+03     0.326663E+03     0.324939E+03     0.322854E+03     0.320382E+03     0.317515E+03     0.314255E+03     0.310627E+03     0.306674E+03     0.302455E+03     0.298046E+03     0.293535E+03     0.293535E+03
     0.293579E+03     0.293579E+03     0.298621E+03     0.303549E+03     0.308265E+03     0.312684E+03     0.316739E+03     0.320382E+03     0.323588E+03     0.326350E+03     0.328681E+03     0.330609E+03     0.332169E+03     0.333407E+03     0.334370E+03     0.335103E+03     0.335650E+03     0.336050E+03     0.336337E+03     0.336539E+03     0.336679E+03     0.336773E+03     0.336835E+03     0.336876E+03     0.336902E+03     0.336918E+03     0.336928E+03     0.336934E+03     0.336938E+03     0.336940E+03     0.336941E+03     0.336942E+03     0.336942E+03     0.336943E+03     0.336943E+03     0.336943E+03     0.336943E+03     0.336943E+03     0.336943E+03     0.336943E+03     0.336943E+03     0.336943E+03     0.336943E+03     0.336943E+03     0.336943E+03     0.336943E+03     0.336943E+03     0.336943E+03     0.336943E+03     0.336943E+03     0.336943E+03     0.336943E+03     0.336943E+03     0.336943E+03     0.336943E+03     0.336943E+03     0.336943E+03     0.336943E+03     0.336943E+03     0.336943E+03     0.336943E+03     0.336943E+03     0.336943E+03     0.336943E+03     0.336943E+03     0.336943E+03     0.336943E+03     0.336943E+03     0.336943E+03     0.336942E+03     0.336942E+03     0.336941E+03     0.336940E+03     0.336938E+03     0.336934E+03     0.336928E+03     0.336918E+03     0.336902E+03     0.336876E+03     0.336835E+03     0.336773E+03     0.336679E+03     0.336539E+03     0.336337E+03     0.336050E+03     0.335650E+03     0.335103E+03     0.334370E+03     0.333407E+03     0.332169E+03     0.330609E+03     0.328681E+03     0.326350E+03     0.323588E+03     0.320382E+03     0.316739E+03     0.312684E+03     0.308265E+03     0.303549E+03     0.298621E+03     0.293579E+03     0.293579E+03
     0.293617E+03     0.293617E+03     0.299117E+03     0.304492E+03     0.309636E+03     0.314457E+03     0.318880E+03     0.322854E+03     0.326350E+03     0.329363E+03     0.331906E+03     0.334008E+03     0.335711E+03     0.337061E+03     0.338111E+03     0.338911E+03     0.339508E+03     0.339944E+03     0.340258E+03     0.340478E+03     0.340630E+03     0.340733E+03     0.340801E+03     0.340845E+03     0.340874E+03     0.340891E+03     0.340902E+03     0.340909E+03     0.340913E+03     0.340915E+03     0.340916E+03     0.340917E+03     0.340918E+03     0.340918E+03     0.340918E+03     0.340918E+03     0.340918E+03     0.340918E+03     0.340918E+03     0.340918E+03     0.340918E+03     0.340918E+03     0.340918E+03     0.340918E+03     0.340918E+03     0.340918E+03     0.340918E+03     0.340918E+03     0.340918E+03     0.340918E+03     0.340918E+03     0.340918E+03     0.340918E+03     0.340918E+03     0.340918E+03     0.340918E+03     0.340918E+03     0.340918E+03     0.340918E+03     0.340918E+03     0.340918E+03     0.340918E+03     0.340918E+03     0.340918E+03     0.340918E+03     0.340918E+03     0.340918E+03     0.340918E+03     0.340918E+03     0.340918E+03     0.340917E+03     0.340916E+03     0.340915E+03     0.340913E+03     0.340909E+03     0.340902E+03     0.340891E+03     0.340874E+03     0.340845E+03     0.340801E+03     0.340733E+03     0.340630E+03     0.340478E+03     0.340258E+03     0.339944E+03     0.339508E+03     0.338911E+03     0.338111E+03     0.337061E+03     0.335711E+03     0.334008E+03     0.331906E+03     0.329363E+03     0.326350E+03     0.322854E+03     0.318880E+03     0.314457E+03     0.309636E+03     0.304492E+03     0.299117E+03     0.293617E+03     0.293617E+03
     0.293649E+03     0.293649E+03     0.299535E+03     0.305288E+03     0.310793E+03     0.315952E+03     0.320686E+03     0.324939E+03     0.328681E+03     0.331906E+03     0.334628E+03     0.336878E+03     0.338700E+03     0.340145E+03     0.341269E+03     0.342125E+03     0.342764E+03     0.343231E+03     0.343566E+03     0.343802E+03     0.343965E+03     0.344075E+03     0.344148E+03     0.344195E+03     0.344226E+03     0.344245E+03     0.344256E+03     0.344263E+03     0.344268E+03     0.344270E+03     0.344271E+03     0.344272E+03     0.344273E+03     0.344273E+03     0.344273E+03     0.344273E+03     0.344273E+03     0.344273E+03     0.344273E+03     0.344273E+03     0.344273E+03     0.344273E+03     0.344273E+03     0.344273E+03     0.344273E+03     0.344273E+03     0.344273E+03     0.344273E+03     0.344273E+03     0.344273E+03     0.344273E+03     0.344273E+03     0.344273E+03     0.344273E+03     0.344273E+03     0.344273E+03     0.344273E+03     0.344273E+03     0.344273E+03     0.344273E+03     0.344273E+03     0.344273E+03     0.344273E+03     0.344273E+03     0.344273E+03     0.344273E+03     0.344273E+03     0.344273E+03     0.344273E+03     0.344273E+03     0.344272E+03     0.344271E+03     0.344270E+03     0.344268E+03     0.344263E+03     0.344256E+03     0.344245E+03     0.344226E+03     0.344195E+03     0.344148E+03     0.344075E+03     0.343965E+03     0.343802E+03     0.343566E+03     0.343231E+03     0.342764E+03     0.342125E+03     0.341269E+03     0.340145E+03     0.338700E+03     0.336878E+03     0.334628E+03     0.331906E+03     0.328681E+03     0.324939E+03     0.320686E+03     0.315952E+03     0.310793E+03     0.305288E+03     0.299535E+03     0.293649E+03     0.293649E+03
     0.293676E+03     0.293676E+03     0.299881E+03     0.305946E+03     0.311750E+03     0.317189E+03     0.322179E+03     0.326663E+03     0.330609E+03     0.334008E+03     0.336878E+03     0.339250E+03     0.341171E+03     0.342695E+03     0.343879E+03     0.344782E+03     0.345455E+03     0.345948E+03     0.346302E+03     0.346550E+03     0.346722E+03     0.346838E+03     0.346915E+03     0.346965E+03     0.346997E+03     0.347017E+03     0.347029E+03     0.347037E+03     0.347041E+03     0.347044E+03     0.347045E+03     0.347046E+03     0.347046E+03     0.347047E+03     0.347047E+03     0.347047E+03     0.347047E+03     0.347047E+03     0.347047E+03     0.347047E+03     0.347047E+03     0.347047E+03     0.347047E+03     0.347047E+03     0.347047E+03     0.347047E+03     0.347047E+03     0.347047E+03     0.347047E+03     0.347047E+03     0.347047E+03     0.347047E+03     0.347047E+03     0.347047E+03     0.347047E+03     0.347047E+03     0.347047E+03     0.347047E+03     0.347047E+03     0.347047E+03     0.347047E+03     0.347047E+03     0.347047E+03     0.347047E+03     0.347047E+03     0.347047E+03     0.347047E+03     0.347047E+03     0.347047E+03     0.347046E+03     0.347046E+03     0.347045E+03     0.347044E+03     0.347041E+03     0.347037E+03     0.347029E+03     0.347017E+03     0.346997E+03     0.346965E+03     0.346915E+03     0.346838E+03     0.346722E+03     0.346550E+03     0.346302E+03     0.345948E+03     0.345455E+03     0.344782E+03     0.343879E+03     0.342695E+03     0.341171E+03     0.339250E+03     0.336878E+03     0.334008E+03     0.330609E+03     0.326663E+03     0.322179E+03     0.317189E+03     0.311750E+03     0.305946E+03     0.299881E+03     0.293676E+03     0.293676E+03
     0.293697E+03     0.293697E+03     0.300161E+03     0.306479E+03     0.312525E+03     0.318190E+03     0.323389E+03     0.328059E+03     0.332169E+03     0.335711E+03     0.338700E+03     0.341171E+03     0.343172E+03     0.344759E+03     0.345993E+03     0.346933E+03     0.347635E+03     0.348149E+03     0.348517E+03     0.348776E+03     0.348955E+03     0.349075E+03     0.349156E+03     0.349208E+03     0.349241E+03     0.349262E+03     0.349275E+03     0.349283E+03     0.349287E+03     0.349290E+03     0.349291E+03     0.349292E+03     0.349293E+03     0.349293E+03     0.349293E+03     0.349293E+03     0.349293E+03     0.349293E+03     0.349293E+03     0.349293E+03     0.349293E+03     0.349293E+03     0.349293E+03     0.349293E+03     0.349293E+03     0.349293E+03     0.349293E+03     0.349293E+03     0.349293E+03     0.349293E+03     0.349293E+03     0.349293E+03     0.349293E+03     0.349293E+03     0.349293E+03     0.349293E+03     0.349293E+03     0.349293E+03     0.349293E+03     0.349293E+03     0.349293E+03     0.349293E+03     0.349293E+03     0.349293E+03     0.349293E+03     0.349293E+03     0.349293E+03     0.349293E+03     0.349293E+03     0.349293E+03     0.349292E+03     0.349291E+03     0.349290E+03     0.349287E+03     0.349283E+03     0.349275E+03     0.349262E+03     0.349241E+03     0.349208E+03     0.349156E+03     0.349075E+03     0.348955E+03     0.348776E+03     0.348517E+03     0.348149E+03     0.347635E+03     0.346933E+03     0.345993E+03     0.344759E+03     0.343172E+03     0.341171E+03     0.338700E+03     0.335711E+03     0.332169E+03     0.328059E+03     0.323389E+03     0.318190E+03     0.312525E+03     0.306479E+03     0.300161E+03     0.293697E+03     0.293697E+03
     0.293714E+03     0.293714E+03     0.300383E+03     0.306901E+03     0.313139E+03     0.318984E+03     0.324348E+03     0.329167E+03     0.333407E+03     0.337061E+03     0.340145E+03     0.342695E+03     0.344759E+03     0.346397E+03     0.347671E+03     0.348640E+03     0.349364E+03     0.349894E+03     0.350274E+03     0.350542E+03     0.350726E+03     0.350851E+03     0.350933E+03     0.350987E+03     0.351022E+03     0.351043E+03     0.351056E+03     0.351064E+03     0.351069E+03     0.351072E+03     0.351073E+03     0.351074E+03     0.351075E+03     0.351075E+03     0.351075E+03     0.351075E+03     0.351075E+03     0.351075E+03     0.351075E+03     0.351075E+03     0.351075E+03     0.351075E+03     0.351075E+03     0.351075E+03     0.351075E+03     0.351075E+03     0.351075E+03     0.351075E+03     0.351075E+03     0.351075E+03     0.351075E+03     0.351075E+03     0.351075E+03     0.351075E+03     0.351075E+03     0.351075E+03     0.351075E+03     0.351075E+03     0.351075E+03     0.351075E+03     0.351075E+03     0.351075E+03     0.351075E+03     0.351075E+03     0.351075E+03     0.351075E+03     0.351075E+03     0.351075E+03     0.351075E+03     0.351075E+03     0.351074E+03     0.351073E+03     0.351072E+03     0.351069E+03     0.351064E+03     0.351056E+03     0.351043E+03     0.351022E+03     0.350987E+03     0.350933E+03     0.350851E+03     0.350726E+03     0.350542E+03     0.350274E+03     0.349894E+03     0.349364E+03     0.348640E+03     0.347671E+03     0.346397E+03     0.344759E+03     0.342695E+03     0.340145E+03     0.337061E+03     0.333407E+03     0.329167E+03     0.324348E+03     0.318984E+03     0.313139E+03     0.306901E+03     0.300383E+03     0.293714E+03     0.293714E+03
     0.293728E+03     0.293728E+03     0.300556E+03     0.307230E+03     0.313617E+03     0.319602E+03     0.325094E+03     0.330028E+03     0.334370E+03     0.338111E+03     0.341269E+03     0.343879E+03     0.345993E+03     0.347671E+03     0.348974E+03     0.349967E+03     0.350709E+03     0.351251E+03     0.351641E+03     0.351914E+03     0.352103E+03     0.352231E+03     0.352315E+03     0.352370E+03     0.352406E+03     0.352428E+03     0.352441E+03     0.352450E+03     0.352454E+03     0.352457E+03     0.352459E+03     0.352460E+03     0.352460E+03     0.352461E+03     0.352461E+03     0.352461E+03     0.352461E+03     0.352461E+03     0.352461E+03     0.352461E+03     0.352461E+03     0.352461E+03     0.352461E+03     0.352461E+03     0.352461E+03     0.352461E+03     0.352461E+03     0.352461E+03     0.352461E+03     0.352461E+03     0.352461E+03     0.352461E+03     0.352461E+03     0.352461E+03     0.352461E+03     0.352461E+03     0.352461E+03     0.352461E+03     0.352461E+03     0.352461E+03     0.352461E+03     0.352461E+03     0.352461E+03     0.352461E+03     0.352461E+03     0.352461E+03     0.352461E+03     0.352461E+03     0.352461E+03     0.352460E+03     0.352460E+03     0.352459E+03     0.352457E+03     0.352454E+03     0.352450E+03     0.352441E+03     0.352428E+03     0.352406E+03     0.352370E+03     0.352315E+03     0.352231E+03     0.352103E+03     0.351914E+03     0.351641E+03     0.351251E+03     0.350709E+03     0.349967E+03     0.348974E+03     0.347671E+03     0.345993E+03     0.343879E+03     0.341269E+03     0.338111E+03     0.334370E+03     0.330028E+03     0.325094E+03     0.319602E+03     0.313617E+03     0.307230E+03     0.300556E+03     0.293728E+03     0.293728E+03
     0.293738E+03     0.293738E+03     0.300687E+03     0.307480E+03     0.313981E+03     0.320072E+03     0.325661E+03     0.330684E+03     0.335103E+03     0.338911E+03     0.342125E+03     0.344782E+03     0.346933E+03     0.348640E+03     0.349967E+03     0.350978E+03     0.351733E+03     0.352285E+03     0.352681E+03     0.352960E+03     0.353152E+03     0.353282E+03     0.353368E+03     0.353424E+03     0.353460E+03     0.353483E+03     0.353496E+03     0.353505E+03     0.353510E+03     0.353513E+03     0.353514E+03     0.353515E+03     0.353516E+03     0.353516E+03     0.353516E+03     0.353516E+03     0.353516E+03     0.353516E+03     0.353516E+03     0.353516E+03     0.353516E+03     0.353516E+03     0.353516E+03     0.353516E+03     0.353516E+03     0.353516E+03     0.353516E+03     0.353516E+03     0.353516E+03     0.353516E+03     0.353516E+03     0.353516E+03     0.353516E+03     0.353516E+03     0.353516E+03     0.353516E+03     0.353516E+03     0.353516E+03     0.353516E+03     0.353516E+03     0.353516E+03     0.353516E+03     0.353516E+03     0.353516E+03     0.353516E+03     0.353516E+03     0.353516E+03     0.353516E+03     0.353516E+03     0.353516E+03     0.353515E+03     0.353514E+03     0.353513E+03     0.353510E+03     0.353505E+03     0.353496E+03     0.353483E+03     0.353460E+03     0.353424E+03     0.353368E+03     0.353282E+03     0.353152E+03     0.352960E+03     0.352681E+03     0.352285E+03     0.351733E+03     0.350978E+03     0.349967E+03     0.348640E+03     0.346933E+03     0.344782E+03     0.342125E+03     0.338911E+03     0.335103E+03     0.330684E+03     0.325661E+03     0.320072E+03     0.313981E+03     0.307480E+03     0.300687E+03     0.293738E+03     0.293738E+03
     0.293745E+03     0.293745E+03     0.300785E+03     0.307667E+03     0.314252E+03     0.320423E+03     0.326085E+03     0.331173E+03     0.335650E+03     0.339508E+03     0.342764E+03     0.345455E+03     0.347635E+03     0.349364E+03     0.350709E+03     0.351733E+03     0.352497E+03     0.353057E+03     0.353458E+03     0.353740E+03     0.353935E+03     0.354067E+03     0.354154E+03     0.354211E+03     0.354247E+03     0.354270E+03     0.354284E+03     0.354292E+03     0.354297E+03     0.354300E+03     0.354302E+03     0.354303E+03     0.354304E+03     0.354304E+03     0.354304E+03     0.354304E+03     0.354304E+03     0.354304E+03     0.354304E+03     0.354304E+03     0.354304E+03     0.354304E+03     0.354304E+03     0.354304E+03     0.354304E+03     0.354304E+03     0.354304E+03     0.354304E+03     0.354304E+03     0.354304E+03     0.354304E+03     0.354304E+03     0.354304E+03     0.354304E+03     0.354304E+03     0.354304E+03     0.354304E+03     0.354304E+03     0.354304E+03     0.354304E+03     0.354304E+03     0.354304E+03     0.354304E+03     0.354304E+03     0.354304E+03     0.354304E+03     0.354304E+03     0.354304E+03     0.354304E+03     0.354304E+03     0.354303E+03     0.354302E+03     0.354300E+03     0.354297E+03     0.354292E+03     0.354284E+03     0.354270E+03     0.354247E+03     0.354211E+03     0.354154E+03     0.354067E+03     0.353935E+03     0.353740E+03     0.353458E+03     0.353057E+03     0.352497E+03     0.351733E+03     0.350709E+03     0.349364E+03     0.347635E+03     0.345455E+03     0.342764E+03     0.339508E+03     0.335650E+03     0.331173E+03     0.326085E+03     0.320423E+03     0.314252E+03     0.307667E+03     0.300785E+03     0.293745E+03     0.293745E+03
     0.293751E+03     0.293751E+03     0.300857E+03     0.307803E+03     0.314451E+03     0.320680E+03     0.326396E+03     0.331531E+03     0.336050E+03     0.339944E+03     0.343231E+03     0.345948E+03     0.348148E+03     0.349894E+03     0.351251E+03     0.352285E+03     0.353057E+03     0.353622E+03     0.354027E+03     0.354312E+03     0.354508E+03     0.354641E+03     0.354729E+03     0.354787E+03     0.354823E+03     0.354846E+03     0.354860E+03     0.354869E+03     0.354874E+03     0.354877E+03     0.354879E+03     0.354879E+03     0.354880E+03     0.354880E+03     0.354880E+03     0.354881E+03     0.354881E+03     0.354881E+03     0.354881E+03     0.354881E+03     0.354881E+03     0.354881E+03     0.354881E+03     0.354881E+03     0.354881E+03     0.354881E+03     0.354881E+03     0.354881E+03     0.354881E+03     0.354881E+03     0.354881E+03     0.354881E+03     0.354881E+03     0.354881E+03     0.354881E+03     0.354881E+03     0.354881E+03     0.354881E+03     0.354881E+03     0.354881E+03     0.354881E+03     0.354881E+03     0.354881E+03     0.354881E+03     0.354881E+03     0.354881E+03     0.354881E+03     0.354880E+03     0.354880E+03     0.354880E+03     0.354879E+03     0.354879E+03     0.354877E+03     0.354874E+03     0.354869E+03     0.354860E+03     0.354846E+03     0.354823E+03     0.354787E+03     0.354729E+03     0.354641E+03     0.354508E+03     0.354312E+03     0.354027E+03     0.353622E+03     0.353057E+03     0.352285E+03     0.351251E+03     0.349894E+03     0.348148E+03     0.345948E+03     0.343231E+03     0.339944E+03     0.336050E+03     0.331531E+03     0.326396E+03     0.320680E+03     0.314451E+03     0.307803E+03     0.300857E+03     0.293751E+03     0.293751E+03
     0.293755E+03     0.293755E+03     0.300909E+03     0.307901E+03     0.314593E+03     0.320864E+03     0.326618E+03     0.331788E+03     0.336337E+03     0.340257E+03     0.343566E+03     0.346301E+03     0.348517E+03     0.350274E+03     0.351640E+03     0.352681E+03     0.353458E+03     0.354026E+03     0.354434E+03     0.354721E+03     0.354919E+03     0.355053E+03     0.355142E+03     0.355199E+03     0.355236E+03     0.355259E+03     0.355274E+03     0.355282E+03     0.355287E+03     0.355290E+03     0.355292E+03     0.355293E+03     0.355293E+03     0.355294E+03     0.355294E+03     0.355294E+03     0.355294E+03     0.355294E+03     0.355294E+03     0.355294E+03     0.355294E+03     0.355294E+03     0.355294E+03     0.355294E+03     0.355294E+03     0.355294E+03     0.355294E+03     0.355294E+03     0.355294E+03     0.355294E+03     0.355294E+03     0.355294E+03     0.355294E+03     0.355294E+03     0.355294E+03     0.355294E+03     0.355294E+03     0.355294E+03     0.355294E+03     0.355294E+03     0.355294E+03     0.355294E+03     0.355294E+03     0.355294E+03     0.355294E+03     0.355294E+03     0.355294E+03     0.355294E+03     0.355294E+03     0.355293E+03     0.355293E+03     0.355292E+03     0.355290E+03     0.355287E+03     0.355282E+03     0.355274E+03     0.355259E+03     0.355236E+03     0.355199E+03     0.355142E+03     0.355053E+03     0.354919E+03     0.354721E+03     0.354434E+03     0.354026E+03     0.353458E+03     0.352681E+03     0.351640E+03     0.350274E+03     0.348517E+03     0.346301E+03     0.343566E+03     0.340257E+03     0.336337E+03     0.331788E+03     0.326618E+03     0.320864E+03     0.314593E+03     0.307901E+03     0.300909E+03     0.293755E+03     0.293755E+03
     0.293757E+03     0.293757E+03     0.300945E+03     0.307970E+03     0.314693E+03     0.320993E+03     0.326774E+03     0.331969E+03     0.336539E+03     0.340478E+03     0.343802E+03     0.346550E+03     0.348775E+03     0.350541E+03     0.351914E+03     0.352959E+03     0.353740E+03     0.354311E+03     0.354721E+03     0.355009E+03     0.355208E+03     0.355342E+03     0.355431E+03     0.355489E+03     0.355527E+03     0.355550E+03     0.355564E+03     0.355573E+03     0.355578E+03     0.355581E+03     0.355583E+03     0.355584E+03     0.355584E+03     0.355584E+03     0.355584E+03     0.355585E+03     0.355585E+03     0.355585E+03     0.355585E+03     0.355585E+03     0.355585E+03     0.355585E+03     0.355585E+03     0.355585E+03     0.355585E+03     0.355585E+03     0.355585E+03     0.355585E+03     0.355585E+03     0.355585E+03     0.355585E+03     0.355585E+03     0.355585E+03     0.355585E+03     0.355585E+03     0.355585E+03     0.355585E+03     0.355585E+03     0.355585E+03     0.355585E+03     0.355585E+03     0.355585E+03     0.355585E+03     0.355585E+03     0.355585E+03     0.355585E+03     0.355585E+03     0.355584E+03     0.355584E+03     0.355584E+03     0.355584E+03     0.355583E+03     0.355581E+03     0.355578E+03     0.355573E+03     0.355564E+03     0.355550E+03     0.355527E+03     0.355489E+03     0.355431E+03     0.355342E+03     0.355208E+03     0.355009E+03     0.354721E+03     0.354311E+03     0.353740E+03     0.352959E+03     0.351914E+03     0.350541E+03     0.348775E+03     0.346550E+03     0.343802E+03     0.340478E+03     0.336539E+03     0.331969E+03     0.326774E+03     0.320993E+03     0.314693E+03     0.307970E+03     0.300945E+03     0.293757E+03     0.293757E+03
     0.293759E+03     0.293759E+03     0.300970E+03     0.308018E+03     0.314762E+03     0.321083E+03     0.326882E+03     0.332093E+03     0.336678E+03     0.340629E+03     0.343964E+03     0.346721E+03     0.348954E+03     0.350725E+03     0.352102E+03     0.353151E+03     0.353934E+03     0.354507E+03     0.354918E+03     0.355207E+03     0.355407E+03     0.355542E+03     0.355631E+03     0.355689E+03     0.355726E+03     0.355750E+03     0.355764E+03     0.355773E+03     0.355778E+03     0.355781E+03     0.355783E+03     0.355784E+03     0.355784E+03     0.355784E+03     0.355785E+03     0.355785E+03     0.355785E+03     0.355785E+03     0.355785E+03     0.355785E+03     0.355785E+03     0.355785E+03     0.355785E+03     0.355785E+03     0.355785E+03     0.355785E+03     0.355785E+03     0.355785E+03     0.355785E+03     0.355785E+03     0.355785E+03     0.355785E+03     0.355785E+03     0.355785E+03     0.355785E+03     0.355785E+03     0.355785E+03     0.355785E+03     0.355785E+03     0.355785E+03     0.355785E+03     0.355785E+03     0.355785E+03     0.355785E+03     0.355785E+03     0.355785E+03     0.355785E+03     0.355785E+03     0.355784E+03     0.355784E+03     0.355784E+03     0.355783E+03     0.355781E+03     0.355778E+03     0.355773E+03     0.355764E+03     0.355750E+03     0.355726E+03     0.355689E+03     0.355631E+03     0.355542E+03     0.355407E+03     0.355207E+03     0.354918E+03     0.354507E+03     0.353934E+03     0.353151E+03     0.352102E+03     0.350725E+03     0.348954E+03     0.346721E+03     0.343964E+03     0.340629E+03     0.336678E+03     0.332093E+03     0.326882E+03     0.321083E+03     0.314762E+03     0.308018E+03     0.300970E+03     0.293759E+03     0.293759E+03
     0.293761E+03     0.293761E+03     0.300987E+03     0.308049E+03     0.314809E+03     0.321143E+03     0.326954E+03     0.332176E+03     0.336771E+03     0.340731E+03     0.344073E+03     0.346836E+03     0.349073E+03     0.350849E+03     0.352229E+03     0.353280E+03     0.354065E+03     0.354639E+03     0.355051E+03     0.355341E+03     0.355541E+03     0.355676E+03     0.355765E+03     0.355824E+03     0.355861E+03     0.355884E+03     0.355899E+03     0.355907E+03     0.355913E+03     0.355916E+03     0.355917E+03     0.355918E+03     0.355919E+03     0.355919E+03     0.355919E+03     0.355919E+03     0.355919E+03     0.355919E+03     0.355919E+03     0.355919E+03     0.355919E+03     0.355919E+03     0.355919E+03     0.355919E+03     0.355919E+03     0.355919E+03     0.355919E+03     0.355919E+03     0.355919E+03     0.355919E+03     0.355919E+03     0.355919E+03     0.355919E+03     0.355919E+03     0.355919E+03     0.355919E+03     0.355919E+03     0.355919E+03     0.355919E+03     0.355919E+03     0.355919E+03     0.355919E+03     0.355919E+03     0.355919E+03     0.355919E+03     0.355919E+03     0.355919E+03     0.355919E+03     0.355919E+03     0.355919E+03     0.355918E+03     0.355917E+03     0.355916E+03     0.355913E+03     0.355907E+03     0.355899E+03     0.355884E+03     0.355861E+03     0.355824E+03     0.355765E+03     0.355676E+03     0.355541E+03     0.355341E+03     0.355051E+03     0.354639E+03     0.354065E+03     0.353280E+03     0.352229E+03     0.350849E+03     0.349073E+03     0.346836E+03     0.344073E+03     0.340731E+03     0.336771E+03     0.332176E+03     0.326954E+03     0.321143E+03     0.314809E+03     0.308049E+03     0.300987E+03     0.293761E+03     0.293761E+03
     0.293762E+03     0.293762E+03     0.300998E+03     0.308070E+03     0.314839E+03     0.321182E+03     0.327002E+03     0.332231E+03     0.336833E+03     0.340798E+03     0.344145E+03     0.346911E+03     0.349152E+03     0.350930E+03     0.352312E+03     0.353364E+03     0.354150E+03     0.354726E+03     0.355138E+03     0.355428E+03     0.355628E+03     0.355764E+03     0.355853E+03     0.355912E+03     0.355949E+03     0.355973E+03     0.355987E+03     0.355996E+03     0.356001E+03     0.356004E+03     0.356006E+03     0.356007E+03     0.356007E+03     0.356007E+03     0.356008E+03     0.356008E+03     0.356008E+03     0.356008E+03     0.356008E+03     0.356008E+03     0.356008E+03     0.356008E+03     0.356008E+03     0.356008E+03     0.356008E+03     0.356008E+03     0.356008E+03     0.356008E+03     0.356008E+03     0.356008E+03     0.356008E+03     0.356008E+03     0.356008E+03     0.356008E+03     0.356008E+03     0.356008E+03     0.356008E+03     0.356008E+03     0.356008E+03     0.356008E+03     0.356008E+03     0.356008E+03     0.356008E+03     0.356008E+03     0.356008E+03     0.356008E+03     0.356008E+03     0.356008E+03     0.356007E+03     0.356007E+03     0.356007E+03     0.356006E+03     0.356004E+03     0.356001E+03     0.355996E+03     0.355987E+03     0.355973E+03     0.355949E+03     0.355912E+03     0.355853E+03     0.355764E+03     0.355628E+03     0.355428E+03     0.355138E+03     0.354726E+03     0.354150E+03     0.353364E+03     0.352312E+03     0.350930E+03     0.349152E+03     0.346911E+03     0.344145E+03     0.340798E+03     0.336833E+03     0.332231E+03     0.327002E+03     0.321182E+03     0.314839E+03     0.308070E+03     0.300998E+03     0.293762E+03     0.293762E+03
