     0.356160E+03     0.293165E+03     0.293227E+03     0.293287E+03     0.293346E+03     0.293401E+03     0.293451E+03     0.293498E+03     0.293539E+03     0.293575E+03     0.293606E+03     0.293633E+03     0.293654E+03     0.293672E+03     0.293686E+03     0.293697E+03     0.293706E+03     0.293712E+03     0.293717E+03     0.293721E+03     0.293723E+03     0.293725E+03     0.293726E+03     0.293727E+03     0.293728E+03     0.293728E+03     0.293728E+03     0.293728E+03     0.293729E+03     0.293729E+03     0.293729E+03     0.293729E+03     0.293729E+03     0.293729E+03     0.293729E+03     0.293729E+03     0.293729E+03     0.293729E+03     0.293729E+03     0.293729E+03     0.293729E+03     0.293729E+03     0.293729E+03     0.293729E+03     0.293729E+03     0.293729E+03     0.293729E+03     0.293729E+03     0.293729E+03     0.293729E+03     0.293729E+03     0.293729E+03     0.293729E+03     0.293729E+03     0.293729E+03     0.293729E+03     0.293729E+03     0.293729E+03     0.293729E+03     0.293729E+03     0.293729E+03     0.293729E+03     0.293729E+03     0.293729E+03     0.293729E+03     0.293729E+03     0.293729E+03     0.293729E+03     0.293729E+03     0.293729E+03     0.293729E+03     0.293729E+03     0.293729E+03     0.293729E+03     0.293728E+03     0.293728E+03     0.293728E+03     0.293728E+03     0.293727E+03     0.293726E+03     0.293725E+03     0.293723E+03     0.293721E+03     0.293717E+03     0.293712E+03     0.293706E+03     0.293697E+03     0.293686E+03     0.293672E+03     0.293654E+03     0.293633E+03     0.293606E+03     0.293575E+03     0.293539E+03     0.293498E+03     0.293451E+03     0.293401E+03     0.293346E+03     0.293287E+03     0.293227E+03     0.293165E+03     0.356160E+03
     0.293165E+03     0.293165E+03     0.293227E+03     0.293287E+03     0.293346E+03     0.293401E+03     0.293451E+03     0.293498E+03     0.293539E+03     0.293575E+03     0.293606E+03     0.293633E+03     0.293654E+03     0.293672E+03     0.293686E+03     0.293697E+03     0.293706E+03     0.293712E+03     0.293717E+03     0.293721E+03     0.293723E+03     0.293725E+03     0.293726E+03     0.293727E+03     0.293728E+03     0.293728E+03     0.293728E+03     0.293728E+03     0.293729E+03     0.293729E+03     0.293729E+03     0.293729E+03     0.293729E+03     0.293729E+03     0.293729E+03     0.293729E+03     0.293729E+03     0.293729E+03     0.293729E+03     0.293729E+03     0.293729E+03     0.293729E+03     0.293729E+03     0.293729E+03     0.293729E+03     0.293729E+03     0.293729E+03     0.293729E+03     0.293729E+03     0.293729E+03     0.293729E+03     0.293729E+03     0.293729E+03     0.293729E+03     0.293729E+03     0.293729E+03     0.293729E+03     0.293729E+03     0.293729E+03     0.293729E+03     0.293729E+03     0.293729E+03     0.293729E+03     0.293729E+03     0.293729E+03     0.293729E+03     0.293729E+03     0.293729E+03     0.293729E+03     0.293729E+03     0.293729E+03     0.293729E+03     0.293729E+03     0.293729E+03     0.293728E+03     0.293728E+03     0.293728E+03     0.293728E+03     0.293727E+03     0.293726E+03     0.293725E+03     0.293723E+03     0.293721E+03     0.293717E+03     0.293712E+03     0.293706E+03     0.293697E+03     0.293686E+03     0.293672E+03     0.293654E+03     0.293633E+03     0.293606E+03     0.293575E+03     0.293539E+03     0.293498E+03     0.293451E+03     0.293401E+03     0.293346E+03     0.293287E+03     0.293227E+03     0.293165E+03     0.293165E+03
     0.293227E+03     0.293227E+03     0.294032E+03     0.294821E+03     0.295579E+03     0.296295E+03     0.296958E+03     0.297561E+03     0.298099E+03     0.298571E+03     0.298976E+03     0.299319E+03     0.299602E+03     0.299833E+03     0.300018E+03     0.300162E+03     0.300274E+03     0.300358E+03     0.300421E+03     0.300467E+03     0.300500E+03     0.300523E+03     0.300539E+03     0.300550E+03     0.300557E+03     0.300562E+03     0.300565E+03     0.300567E+03     0.300569E+03     0.300569E+03     0.300570E+03     0.300570E+03     0.300570E+03     0.300570E+03     0.300570E+03     0.300570E+03     0.300570E+03     0.300570E+03     0.300570E+03     0.300570E+03     0.300570E+03     0.300570E+03     0.300570E+03     0.300570E+03     0.300570E+03     0.300570E+03     0.300570E+03     0.300570E+03     0.300570E+03     0.300570E+03     0.300570E+03     0.300570E+03     0.300570E+03     0.300570E+03     0.300570E+03     0.300570E+03     0.300570E+03     0.300570E+03     0.300570E+03     0.300570E+03     0.300570E+03     0.300570E+03     0.300570E+03     0.300570E+03     0.300570E+03     0.300570E+03     0.300570E+03     0.300570E+03     0.300570E+03     0.300570E+03     0.300570E+03     0.300570E+03     0.300569E+03     0.300569E+03     0.300567E+03     0.300565E+03     0.300562E+03     0.300557E+03     0.300550E+03     0.300539E+03     0.300523E+03     0.300500E+03     0.300467E+03     0.300421E+03     0.300358E+03     0.300274E+03     0.300162E+03     0.300018E+03     0.299833E+03     0.299602E+03     0.299319E+03     0.298976E+03     0.298571E+03     0.298099E+03     0.297561E+03     0.296958E+03     0.296295E+03     0.295579E+03     0.294821E+03     0.294032E+03     0.293227E+03     0.293227E+03
     0.293287E+03     0.293287E+03     0.294821E+03     0.296323E+03     0.297768E+03     0.299131E+03     0.300394E+03     0.301543E+03     0.302568E+03     0.303466E+03     0.304238E+03     0.304890E+03     0.305431E+03     0.305870E+03     0.306222E+03     0.306497E+03     0.306710E+03     0.306871E+03     0.306990E+03     0.307078E+03     0.307140E+03     0.307185E+03     0.307215E+03     0.307236E+03     0.307250E+03     0.307259E+03     0.307265E+03     0.307269E+03     0.307271E+03     0.307273E+03     0.307274E+03     0.307274E+03     0.307274E+03     0.307275E+03     0.307275E+03     0.307275E+03     0.307275E+03     0.307275E+03     0.307275E+03     0.307275E+03     0.307275E+03     0.307275E+03     0.307275E+03     0.307275E+03     0.307275E+03     0.307275E+03     0.307275E+03     0.307275E+03     0.307275E+03     0.307275E+03     0.307275E+03     0.307275E+03     0.307275E+03     0.307275E+03     0.307275E+03     0.307275E+03     0.307275E+03     0.307275E+03     0.307275E+03     0.307275E+03     0.307275E+03     0.307275E+03     0.307275E+03     0.307275E+03     0.307275E+03     0.307275E+03     0.307275E+03     0.307275E+03     0.307275E+03     0.307274E+03     0.307274E+03     0.307274E+03     0.307273E+03     0.307271E+03     0.307269E+03     0.307265E+03     0.307259E+03     0.307250E+03     0.307236E+03     0.307215E+03     0.307185E+03     0.307140E+03     0.307078E+03     0.306990E+03     0.306871E+03     0.306710E+03     0.306497E+03     0.306222E+03     0.305870E+03     0.305431E+03     0.304890E+03     0.304238E+03     0.303466E+03     0.302568E+03     0.301543E+03     0.300394E+03     0.299131E+03     0.297768E+03     0.296323E+03     0.294821E+03     0.293287E+03     0.293287E+03
     0.293346E+03     0.293346E+03     0.295579E+03     0.297768E+03     0.299872E+03     0.301859E+03     0.303699E+03     0.305372E+03     0.306865E+03     0.308174E+03     0.309299E+03     0.310249E+03     0.311036E+03     0.311677E+03     0.312188E+03     0.312590E+03     0.312900E+03     0.313134E+03     0.313308E+03     0.313435E+03     0.313527E+03     0.313591E+03     0.313636E+03     0.313666E+03     0.313686E+03     0.313700E+03     0.313708E+03     0.313714E+03     0.313717E+03     0.313719E+03     0.313721E+03     0.313721E+03     0.313722E+03     0.313722E+03     0.313722E+03     0.313722E+03     0.313722E+03     0.313722E+03     0.313722E+03     0.313722E+03     0.313722E+03     0.313722E+03     0.313723E+03     0.313723E+03     0.313723E+03     0.313723E+03     0.313723E+03     0.313723E+03     0.313723E+03     0.313723E+03     0.313723E+03     0.313723E+03     0.313723E+03     0.313723E+03     0.313723E+03     0.313723E+03     0.313723E+03     0.313723E+03     0.313723E+03     0.313723E+03     0.313722E+03     0.313722E+03     0.313722E+03     0.313722E+03     0.313722E+03     0.313722E+03     0.313722E+03     0.313722E+03     0.313722E+03     0.313722E+03     0.313721E+03     0.313721E+03     0.313719E+03     0.313717E+03     0.313714E+03     0.313708E+03     0.313700E+03     0.313686E+03     0.313666E+03     0.313636E+03     0.313591E+03     0.313527E+03     0.313435E+03     0.313308E+03     0.313134E+03     0.312900E+03     0.312590E+03     0.312188E+03     0.311677E+03     0.311036E+03     0.310249E+03     0.309299E+03     0.308174E+03     0.306865E+03     0.305372E+03     0.303699E+03     0.301859E+03     0.299872E+03     0.297768E+03     0.295579E+03     0.293346E+03     0.293346E+03
     0.293401E+03     0.293401E+03     0.296295E+03     0.299131E+03     0.301859E+03     0.304433E+03     0.306818E+03     0.308986E+03     0.310922E+03     0.312617E+03     0.314075E+03     0.315306E+03     0.316327E+03     0.317157E+03     0.317820E+03     0.318341E+03     0.318742E+03     0.319046E+03     0.319271E+03     0.319436E+03     0.319555E+03     0.319638E+03     0.319696E+03     0.319735E+03     0.319762E+03     0.319779E+03     0.319790E+03     0.319797E+03     0.319802E+03     0.319804E+03     0.319806E+03     0.319807E+03     0.319808E+03     0.319808E+03     0.319808E+03     0.319808E+03     0.319808E+03     0.319808E+03     0.319808E+03     0.319808E+03     0.319808E+03     0.319808E+03     0.319808E+03     0.319808E+03     0.319808E+03     0.319808E+03     0.319808E+03     0.319808E+03     0.319808E+03     0.319808E+03     0.319808E+03     0.319808E+03     0.319808E+03     0.319808E+03     0.319808E+03     0.319808E+03     0.319808E+03     0.319808E+03     0.319808E+03     0.319808E+03     0.319808E+03     0.319808E+03     0.319808E+03     0.319808E+03     0.319808E+03     0.319808E+03     0.319808E+03     0.319808E+03     0.319808E+03     0.319808E+03     0.319807E+03     0.319806E+03     0.319804E+03     0.319802E+03     0.319797E+03     0.319790E+03     0.319779E+03     0.319762E+03     0.319735E+03     0.319696E+03     0.319638E+03     0.319555E+03     0.319436E+03     0.319271E+03     0.319046E+03     0.318742E+03     0.318341E+03     0.317820E+03     0.317157E+03     0.316327E+03     0.315306E+03     0.314075E+03     0.312617E+03     0.310922E+03     0.308986E+03     0.306818E+03     0.304433E+03     0.301859E+03     0.299131E+03     0.296295E+03     0.293401E+03     0.293401E+03
     0.293451E+03     0.293451E+03     0.296958E+03     0.300394E+03     0.303699E+03     0.306818E+03     0.309707E+03     0.312335E+03     0.314680E+03     0.316734E+03     0.318500E+03     0.319992E+03     0.321228E+03     0.322234E+03     0.323038E+03     0.323668E+03     0.324155E+03     0.324522E+03     0.324796E+03     0.324996E+03     0.325139E+03     0.325240E+03     0.325310E+03     0.325358E+03     0.325390E+03     0.325411E+03     0.325424E+03     0.325433E+03     0.325439E+03     0.325442E+03     0.325444E+03     0.325445E+03     0.325446E+03     0.325446E+03     0.325446E+03     0.325447E+03     0.325447E+03     0.325447E+03     0.325447E+03     0.325447E+03     0.325447E+03     0.325447E+03     0.325447E+03     0.325447E+03     0.325447E+03     0.325447E+03     0.325447E+03     0.325447E+03     0.325447E+03     0.325447E+03     0.325447E+03     0.325447E+03     0.325447E+03     0.325447E+03     0.325447E+03     0.325447E+03     0.325447E+03     0.325447E+03     0.325447E+03     0.325447E+03     0.325447E+03     0.325447E+03     0.325447E+03     0.325447E+03     0.325447E+03     0.325447E+03     0.325447E+03     0.325446E+03     0.325446E+03     0.325446E+03     0.325445E+03     0.325444E+03     0.325442E+03     0.325439E+03     0.325433E+03     0.325424E+03     0.325411E+03     0.325390E+03     0.325358E+03     0.325310E+03     0.325240E+03     0.325139E+03     0.324996E+03     0.324796E+03     0.324522E+03     0.324155E+03     0.323668E+03     0.323038E+03     0.322234E+03     0.321228E+03     0.319992E+03     0.318500E+03     0.316734E+03     0.314680E+03     0.312335E+03     0.309707E+03     0.306818E+03     0.303699E+03     0.300394E+03     0.296958E+03     0.293451E+03     0.293451E+03
     0.293498E+03     0.293498E+03     0.297561E+03     0.301543E+03     0.305372E+03     0.308986E+03     0.312335E+03     0.315379E+03     0.318096E+03     0.320477E+03     0.322524E+03     0.324252E+03     0.325685E+03     0.326850E+03     0.327782E+03     0.328513E+03     0.329076E+03     0.329502E+03     0.329819E+03     0.330051E+03     0.330217E+03     0.330334E+03     0.330415E+03     0.330471E+03     0.330508E+03     0.330532E+03     0.330548E+03     0.330558E+03     0.330564E+03     0.330568E+03     0.330570E+03     0.330572E+03     0.330572E+03     0.330573E+03     0.330573E+03     0.330573E+03     0.330573E+03     0.330573E+03     0.330574E+03     0.330574E+03     0.330574E+03     0.330574E+03     0.330574E+03     0.330574E+03     0.330574E+03     0.330574E+03     0.330574E+03     0.330574E+03     0.330574E+03     0.330574E+03     0.330574E+03     0.330574E+03     0.330574E+03     0.330574E+03     0.330574E+03     0.330574E+03     0.330574E+03     0.330574E+03     0.330574E+03     0.330574E+03     0.330574E+03     0.330574E+03     0.330574E+03     0.330574E+03     0.330573E+03     0.330573E+03     0.330573E+03     0.330573E+03     0.330573E+03     0.330572E+03     0.330572E+03     0.330570E+03     0.330568E+03     0.330564E+03     0.330558E+03     0.330548E+03     0.330532E+03     0.330508E+03     0.330471E+03     0.330415E+03     0.330334E+03     0.330217E+03     0.330051E+03     0.329819E+03     0.329502E+03     0.329076E+03     0.328513E+03     0.327782E+03     0.326850E+03     0.325685E+03     0.324252E+03     0.322524E+03     0.320477E+03     0.318096E+03     0.315379E+03     0.312335E+03     0.308986E+03     0.305372E+03     0.301543E+03     0.297561E+03     0.293498E+03     0.293498E+03
     0.293539E+03     0.293539E+03     0.298099E+03     0.302568E+03     0.306865E+03     0.310922E+03     0.314680E+03     0.318096E+03     0.321146E+03     0.323818E+03     0.326115E+03     0.328055E+03     0.329662E+03     0.330971E+03     0.332016E+03     0.332837E+03     0.333469E+03     0.333947E+03     0.334303E+03     0.334563E+03     0.334749E+03     0.334881E+03     0.334972E+03     0.335034E+03     0.335075E+03     0.335103E+03     0.335120E+03     0.335132E+03     0.335139E+03     0.335143E+03     0.335146E+03     0.335147E+03     0.335148E+03     0.335149E+03     0.335149E+03     0.335149E+03     0.335149E+03     0.335149E+03     0.335149E+03     0.335149E+03     0.335149E+03     0.335149E+03     0.335149E+03     0.335149E+03     0.335149E+03     0.335149E+03     0.335149E+03     0.335149E+03     0.335149E+03     0.335149E+03     0.335149E+03     0.335149E+03     0.335149E+03     0.335149E+03     0.335149E+03     0.335149E+03     0.335149E+03     0.335149E+03     0.335149E+03     0.335149E+03     0.335149E+03     0.335149E+03     0.335149E+03     0.335149E+03     0.335149E+03     0.335149E+03     0.335149E+03     0.335149E+03     0.335149E+03     0.335148E+03     0.335147E+03     0.335146E+03     0.335143E+03     0.335139E+03     0.335132E+03     0.335120E+03     0.335103E+03     0.335075E+03     0.335034E+03     0.334972E+03     0.334881E+03     0.334749E+03     0.334563E+03     0.334303E+03     0.333947E+03     0.333469E+03     0.332837E+03     0.332016E+03     0.330971E+03     0.329662E+03     0.328055E+03     0.326115E+03     0.323818E+03     0.321146E+03     0.318096E+03     0.314680E+03     0.310922E+03     0.306865E+03     0.302568E+03     0.298099E+03     0.293539E+03     0.293539E+03
     0.293575E+03     0.293575E+03     0.298571E+03     0.303466E+03     0.308174E+03     0.312617E+03     0.316734E+03     0.320477E+03     0.323818E+03     0.326744E+03     0.329261E+03     0.331386E+03     0.333147E+03     0.334580E+03     0.335726E+03     0.336624E+03     0.337317E+03     0.337841E+03     0.338231E+03     0.338516E+03     0.338720E+03     0.338864E+03     0.338964E+03     0.339032E+03     0.339077E+03     0.339107E+03     0.339127E+03     0.339139E+03     0.339147E+03     0.339151E+03     0.339154E+03     0.339156E+03     0.339157E+03     0.339158E+03     0.339158E+03     0.339158E+03     0.339158E+03     0.339158E+03     0.339158E+03     0.339158E+03     0.339158E+03     0.339158E+03     0.339158E+03     0.339158E+03     0.339158E+03     0.339158E+03     0.339158E+03     0.339158E+03     0.339158E+03     0.339158E+03     0.339158E+03     0.339158E+03     0.339158E+03     0.339158E+03     0.339158E+03     0.339158E+03     0.339158E+03     0.339158E+03     0.339158E+03     0.339158E+03     0.339158E+03     0.339158E+03     0.339158E+03     0.339158E+03     0.339158E+03     0.339158E+03     0.339158E+03     0.339158E+03     0.339158E+03     0.339157E+03     0.339156E+03     0.339154E+03     0.339151E+03     0.339147E+03     0.339139E+03     0.339127E+03     0.339107E+03     0.339077E+03     0.339032E+03     0.338964E+03     0.338864E+03     0.338720E+03     0.338516E+03     0.338231E+03     0.337841E+03     0.337317E+03     0.336624E+03     0.335726E+03     0.334580E+03     0.333147E+03     0.331386E+03     0.329261E+03     0.326744E+03     0.323818E+03     0.320477E+03     0.316734E+03     0.312617E+03     0.308174E+03     0.303466E+03     0.298571E+03     0.293575E+03     0.293575E+03
     0.293606E+03     0.293606E+03     0.298976E+03     0.304238E+03     0.309299E+03     0.314075E+03     0.318500E+03     0.322524E+03     0.326115E+03     0.329261E+03     0.331967E+03     0.334251E+03     0.336144E+03     0.337685E+03     0.338916E+03     0.339882E+03     0.340627E+03     0.341190E+03     0.341609E+03     0.341915E+03     0.342135E+03     0.342290E+03     0.342397E+03     0.342470E+03     0.342519E+03     0.342551E+03     0.342572E+03     0.342585E+03     0.342594E+03     0.342599E+03     0.342602E+03     0.342604E+03     0.342605E+03     0.342605E+03     0.342606E+03     0.342606E+03     0.342606E+03     0.342606E+03     0.342606E+03     0.342606E+03     0.342606E+03     0.342606E+03     0.342606E+03     0.342606E+03     0.342606E+03     0.342606E+03     0.342606E+03     0.342606E+03     0.342606E+03     0.342606E+03     0.342606E+03     0.342606E+03     0.342606E+03     0.342606E+03     0.342606E+03     0.342606E+03     0.342606E+03     0.342606E+03     0.342606E+03     0.342606E+03     0.342606E+03     0.342606E+03     0.342606E+03     0.342606E+03     0.342606E+03     0.342606E+03     0.342606E+03     0.342606E+03     0.342605E+03     0.342605E+03     0.342604E+03     0.342602E+03     0.342599E+03     0.342594E+03     0.342585E+03     0.342572E+03     0.342551E+03     0.342519E+03     0.342470E+03     0.342397E+03     0.342290E+03     0.342135E+03     0.341915E+03     0.341609E+03     0.341190E+03     0.340627E+03     0.339882E+03     0.338916E+03     0.337685E+03     0.336144E+03     0.334251E+03     0.331967E+03     0.329261E+03     0.326115E+03     0.322524E+03     0.318500E+03     0.314075E+03     0.309299E+03     0.304238E+03     0.298976E+03     0.293606E+03     0.293606E+03
     0.293633E+03     0.293633E+03     0.299319E+03     0.304890E+03     0.310249E+03     0.315306E+03     0.319992E+03     0.324252E+03     0.328055E+03     0.331386E+03     0.334251E+03     0.336669E+03     0.338674E+03     0.340306E+03     0.341609E+03     0.342632E+03     0.343421E+03     0.344018E+03     0.344461E+03     0.344785E+03     0.345018E+03     0.345182E+03     0.345295E+03     0.345373E+03     0.345425E+03     0.345459E+03     0.345481E+03     0.345495E+03     0.345504E+03     0.345509E+03     0.345512E+03     0.345514E+03     0.345515E+03     0.345516E+03     0.345516E+03     0.345517E+03     0.345517E+03     0.345517E+03     0.345517E+03     0.345517E+03     0.345517E+03     0.345517E+03     0.345517E+03     0.345517E+03     0.345517E+03     0.345517E+03     0.345517E+03     0.345517E+03     0.345517E+03     0.345517E+03     0.345517E+03     0.345517E+03     0.345517E+03     0.345517E+03     0.345517E+03     0.345517E+03     0.345517E+03     0.345517E+03     0.345517E+03     0.345517E+03     0.345517E+03     0.345517E+03     0.345517E+03     0.345517E+03     0.345517E+03     0.345517E+03     0.345517E+03     0.345516E+03     0.345516E+03     0.345515E+03     0.345514E+03     0.345512E+03     0.345509E+03     0.345504E+03     0.345495E+03     0.345481E+03     0.345459E+03     0.345425E+03     0.345373E+03     0.345295E+03     0.345182E+03     0.345018E+03     0.344785E+03     0.344461E+03     0.344018E+03     0.343421E+03     0.342632E+03     0.341609E+03     0.340306E+03     0.338674E+03     0.336669E+03     0.334251E+03     0.331386E+03     0.328055E+03     0.324252E+03     0.319992E+03     0.315306E+03     0.310249E+03     0.304890E+03     0.299319E+03     0.293633E+03     0.293633E+03
     0.293654E+03     0.293654E+03     0.299602E+03     0.305431E+03     0.311036E+03     0.316327E+03     0.321228E+03     0.325685E+03     0.329662E+03     0.333147E+03     0.336144E+03     0.338674E+03     0.340771E+03     0.342478E+03     0.343842E+03     0.344912E+03     0.345737E+03     0.346361E+03     0.346825E+03     0.347164E+03     0.347408E+03     0.347579E+03     0.347698E+03     0.347779E+03     0.347833E+03     0.347869E+03     0.347892E+03     0.347907E+03     0.347916E+03     0.347922E+03     0.347925E+03     0.347927E+03     0.347928E+03     0.347929E+03     0.347929E+03     0.347930E+03     0.347930E+03     0.347930E+03     0.347930E+03     0.347930E+03     0.347930E+03     0.347930E+03     0.347930E+03     0.347930E+03     0.347930E+03     0.347930E+03     0.347930E+03     0.347930E+03     0.347930E+03     0.347930E+03     0.347930E+03     0.347930E+03     0.347930E+03     0.347930E+03     0.347930E+03     0.347930E+03     0.347930E+03     0.347930E+03     0.347930E+03     0.347930E+03     0.347930E+03     0.347930E+03     0.347930E+03     0.347930E+03     0.347930E+03     0.347930E+03     0.347930E+03     0.347929E+03     0.347929E+03     0.347928E+03     0.347927E+03     0.347925E+03     0.347922E+03     0.347916E+03     0.347907E+03     0.347892E+03     0.347869E+03     0.347833E+03     0.347779E+03     0.347698E+03     0.347579E+03     0.347408E+03     0.347164E+03     0.346825E+03     0.346361E+03     0.345737E+03     0.344912E+03     0.343842E+03     0.342478E+03     0.340771E+03     0.338674E+03     0.336144E+03     0.333147E+03     0.329662E+03     0.325685E+03     0.321228E+03     0.316327E+03     0.311036E+03     0.305431E+03     0.299602E+03     0.293654E+03     0.293654E+03
     0.293672E+03     0.293672E+03     0.299833E+03     0.305870E+03     0.311676E+03     0.317157E+03     0.322234E+03     0.326850E+03     0.330971E+03     0.334580E+03     0.337685E+03     0.340306E+03     0.342478E+03     0.344246E+03     0.345659E+03     0.346767E+03     0.347622E+03     0.348268E+03     0.348749E+03     0.349101E+03     0.349353E+03     0.349530E+03     0.349653E+03     0.349737E+03     0.349793E+03     0.349830E+03     0.349854E+03     0.349870E+03     0.349879E+03     0.349885E+03     0.349888E+03     0.349891E+03     0.349892E+03     0.349893E+03     0.349893E+03     0.349893E+03     0.349893E+03     0.349893E+03     0.349893E+03     0.349893E+03     0.349893E+03     0.349893E+03     0.349893E+03     0.349893E+03     0.349893E+03     0.349893E+03     0.349893E+03     0.349893E+03     0.349893E+03     0.349893E+03     0.349893E+03     0.349893E+03     0.349893E+03     0.349893E+03     0.349893E+03     0.349893E+03     0.349893E+03     0.349893E+03     0.349893E+03     0.349893E+03     0.349893E+03     0.349893E+03     0.349893E+03     0.349893E+03     0.349893E+03     0.349893E+03     0.349893E+03     0.349893E+03     0.349893E+03     0.349892E+03     0.349891E+03     0.349888E+03     0.349885E+03     0.349879E+03     0.349870E+03     0.349854E+03     0.349830E+03     0.349793E+03     0.349737E+03     0.349653E+03     0.349530E+03     0.349353E+03     0.349101E+03     0.348749E+03     0.348268E+03     0.347622E+03     0.346767E+03     0.345659E+03     0.344246E+03     0.342478E+03     0.340306E+03     0.337685E+03     0.334580E+03     0.330971E+03     0.326850E+03     0.322234E+03     0.317157E+03     0.311676E+03     0.305870E+03     0.299833E+03     0.293672E+03     0.293672E+03
     0.293686E+03     0.293686E+03     0.300018E+03     0.306222E+03     0.312188E+03     0.317820E+03     0.323038E+03     0.327782E+03     0.332016E+03     0.335726E+03     0.338916E+03     0.341609E+03     0.343842E+03     0.345659E+03     0.347111E+03     0.348250E+03     0.349128E+03     0.349793E+03     0.350287E+03     0.350648E+03     0.350907E+03     0.351089E+03     0.351216E+03     0.351302E+03     0.351360E+03     0.351398E+03     0.351422E+03     0.351438E+03     0.351448E+03     0.351454E+03     0.351458E+03     0.351460E+03     0.351461E+03     0.351462E+03     0.351462E+03     0.351462E+03     0.351463E+03     0.351463E+03     0.351463E+03     0.351463E+03     0.351463E+03     0.351463E+03     0.351463E+03     0.351463E+03     0.351463E+03     0.351463E+03     0.351463E+03     0.351463E+03     0.351463E+03     0.351463E+03     0.351463E+03     0.351463E+03     0.351463E+03     0.351463E+03     0.351463E+03     0.351463E+03     0.351463E+03     0.351463E+03     0.351463E+03     0.351463E+03     0.351463E+03     0.351463E+03     0.351463E+03     0.351463E+03     0.351463E+03     0.351463E+03     0.351462E+03     0.351462E+03     0.351462E+03     0.351461E+03     0.351460E+03     0.351458E+03     0.351454E+03     0.351448E+03     0.351438E+03     0.351422E+03     0.351398E+03     0.351360E+03     0.351302E+03     0.351216E+03     0.351089E+03     0.350907E+03     0.350648E+03     0.350287E+03     0.349793E+03     0.349128E+03     0.348250E+03     0.347111E+03     0.345659E+03     0.343842E+03     0.341609E+03     0.338916E+03     0.335726E+03     0.332016E+03     0.327782E+03     0.323038E+03     0.317820E+03     0.312188E+03     0.306222E+03     0.300018E+03     0.293686E+03     0.293686E+03
     0.293697E+03     0.293697E+03     0.300162E+03     0.306497E+03     0.312590E+03     0.318341E+03     0.323668E+03     0.328513E+03     0.332836E+03     0.336624E+03     0.339882E+03     0.342632E+03     0.344912E+03     0.346767E+03     0.348250E+03     0.349413E+03     0.350310E+03     0.350989E+03     0.351493E+03     0.351862E+03     0.352126E+03     0.352313E+03     0.352442E+03     0.352530E+03     0.352589E+03     0.352628E+03     0.352653E+03     0.352669E+03     0.352679E+03     0.352685E+03     0.352689E+03     0.352691E+03     0.352692E+03     0.352693E+03     0.352694E+03     0.352694E+03     0.352694E+03     0.352694E+03     0.352694E+03     0.352694E+03     0.352694E+03     0.352694E+03     0.352694E+03     0.352694E+03     0.352694E+03     0.352694E+03     0.352694E+03     0.352694E+03     0.352694E+03     0.352694E+03     0.352694E+03     0.352694E+03     0.352694E+03     0.352694E+03     0.352694E+03     0.352694E+03     0.352694E+03     0.352694E+03     0.352694E+03     0.352694E+03     0.352694E+03     0.352694E+03     0.352694E+03     0.352694E+03     0.352694E+03     0.352694E+03     0.352694E+03     0.352694E+03     0.352693E+03     0.352692E+03     0.352691E+03     0.352689E+03     0.352685E+03     0.352679E+03     0.352669E+03     0.352653E+03     0.352628E+03     0.352589E+03     0.352530E+03     0.352442E+03     0.352313E+03     0.352126E+03     0.351862E+03     0.351493E+03     0.350989E+03     0.350310E+03     0.349413E+03     0.348250E+03     0.346767E+03     0.344912E+03     0.342632E+03     0.339882E+03     0.336624E+03     0.332836E+03     0.328513E+03     0.323668E+03     0.318341E+03     0.312590E+03     0.306497E+03     0.300162E+03     0.293697E+03     0.293697E+03
     0.293706E+03     0.293706E+03     0.300274E+03     0.306710E+03     0.312900E+03     0.318742E+03     0.324154E+03     0.329076E+03     0.333469E+03     0.337317E+03     0.340626E+03     0.343421E+03     0.345737E+03     0.347622E+03     0.349128E+03     0.350310E+03     0.351221E+03     0.351910E+03     0.352423E+03     0.352797E+03     0.353066E+03     0.353256E+03     0.353387E+03     0.353476E+03     0.353536E+03     0.353576E+03     0.353601E+03     0.353617E+03     0.353628E+03     0.353634E+03     0.353638E+03     0.353640E+03     0.353641E+03     0.353642E+03     0.353642E+03     0.353643E+03     0.353643E+03     0.353643E+03     0.353643E+03     0.353643E+03     0.353643E+03     0.353643E+03     0.353643E+03     0.353643E+03     0.353643E+03     0.353643E+03     0.353643E+03     0.353643E+03     0.353643E+03     0.353643E+03     0.353643E+03     0.353643E+03     0.353643E+03     0.353643E+03     0.353643E+03     0.353643E+03     0.353643E+03     0.353643E+03     0.353643E+03     0.353643E+03     0.353643E+03     0.353643E+03     0.353643E+03     0.353643E+03     0.353643E+03     0.353643E+03     0.353643E+03     0.353642E+03     0.353642E+03     0.353641E+03     0.353640E+03     0.353638E+03     0.353634E+03     0.353628E+03     0.353617E+03     0.353601E+03     0.353576E+03     0.353536E+03     0.353476E+03     0.353387E+03     0.353256E+03     0.353066E+03     0.352797E+03     0.352423E+03     0.351910E+03     0.351221E+03     0.350310E+03     0.349128E+03     0.347622E+03     0.345737E+03     0.343421E+03     0.340626E+03     0.337317E+03     0.333469E+03     0.329076E+03     0.324154E+03     0.318742E+03     0.312900E+03     0.306710E+03     0.300274E+03     0.293706E+03     0.293706E+03
     0.293712E+03     0.293712E+03     0.300358E+03     0.306871E+03     0.313134E+03     0.319045E+03     0.324522E+03     0.329502E+03     0.333947E+03     0.337841E+03     0.341190E+03     0.344017E+03     0.346361E+03     0.348268E+03     0.349792E+03     0.350988E+03     0.351910E+03     0.352608E+03     0.353127E+03     0.353505E+03     0.353777E+03     0.353969E+03     0.354102E+03     0.354193E+03     0.354253E+03     0.354293E+03     0.354319E+03     0.354335E+03     0.354346E+03     0.354352E+03     0.354356E+03     0.354358E+03     0.354359E+03     0.354360E+03     0.354361E+03     0.354361E+03     0.354361E+03     0.354361E+03     0.354361E+03     0.354361E+03     0.354361E+03     0.354361E+03     0.354361E+03     0.354361E+03     0.354361E+03     0.354361E+03     0.354361E+03     0.354361E+03     0.354361E+03     0.354361E+03     0.354361E+03     0.354361E+03     0.354361E+03     0.354361E+03     0.354361E+03     0.354361E+03     0.354361E+03     0.354361E+03     0.354361E+03     0.354361E+03     0.354361E+03     0.354361E+03     0.354361E+03     0.354361E+03     0.354361E+03     0.354361E+03     0.354361E+03     0.354361E+03     0.354360E+03     0.354359E+03     0.354358E+03     0.354356E+03     0.354352E+03     0.354346E+03     0.354335E+03     0.354319E+03     0.354293E+03     0.354253E+03     0.354193E+03     0.354102E+03     0.353969E+03     0.353777E+03     0.353505E+03     0.353127E+03     0.352608E+03     0.351910E+03     0.350988E+03     0.349792E+03     0.348268E+03     0.346361E+03     0.344017E+03     0.341190E+03     0.337841E+03     0.333947E+03     0.329502E+03     0.324522E+03     0.319045E+03     0.313134E+03     0.306871E+03     0.300358E+03     0.293712E+03     0.293712E+03
     0.293717E+03     0.293717E+03     0.300421E+03     0.306990E+03     0.313308E+03     0.319271E+03     0.324795E+03     0.329819E+03     0.334302E+03     0.338230E+03     0.341608E+03     0.344460E+03     0.346824E+03     0.348748E+03     0.350286E+03     0.351492E+03     0.352422E+03     0.353126E+03     0.353649E+03     0.354032E+03     0.354306E+03     0.354499E+03     0.354634E+03     0.354725E+03     0.354786E+03     0.354826E+03     0.354852E+03     0.354869E+03     0.354879E+03     0.354886E+03     0.354889E+03     0.354892E+03     0.354893E+03     0.354894E+03     0.354894E+03     0.354895E+03     0.354895E+03     0.354895E+03     0.354895E+03     0.354895E+03     0.354895E+03     0.354895E+03     0.354895E+03     0.354895E+03     0.354895E+03     0.354895E+03     0.354895E+03     0.354895E+03     0.354895E+03     0.354895E+03     0.354895E+03     0.354895E+03     0.354895E+03     0.354895E+03     0.354895E+03     0.354895E+03     0.354895E+03     0.354895E+03     0.354895E+03     0.354895E+03     0.354895E+03     0.354895E+03     0.354895E+03     0.354895E+03     0.354895E+03     0.354895E+03     0.354895E+03     0.354894E+03     0.354894E+03     0.354893E+03     0.354892E+03     0.354889E+03     0.354886E+03     0.354879E+03     0.354869E+03     0.354852E+03     0.354826E+03     0.354786E+03     0.354725E+03     0.354634E+03     0.354499E+03     0.354306E+03     0.354032E+03     0.353649E+03     0.353126E+03     0.352422E+03     0.351492E+03     0.350286E+03     0.348748E+03     0.346824E+03     0.344460E+03     0.341608E+03     0.338230E+03     0.334302E+03     0.329819E+03     0.324795E+03     0.319271E+03     0.313308E+03     0.306990E+03     0.300421E+03     0.293717E+03     0.293717E+03
     0.293721E+03     0.293721E+03     0.300467E+03     0.307077E+03     0.313435E+03     0.319436E+03     0.324995E+03     0.330050E+03     0.334562E+03     0.338514E+03     0.341914E+03     0.344784E+03     0.347163E+03     0.349099E+03     0.350646E+03     0.351860E+03     0.352796E+03     0.353504E+03     0.354031E+03     0.354416E+03     0.354692E+03     0.354886E+03     0.355021E+03     0.355113E+03     0.355175E+03     0.355215E+03     0.355241E+03     0.355258E+03     0.355268E+03     0.355275E+03     0.355279E+03     0.355281E+03     0.355282E+03     0.355283E+03     0.355284E+03     0.355284E+03     0.355284E+03     0.355284E+03     0.355284E+03     0.355284E+03     0.355284E+03     0.355284E+03     0.355284E+03     0.355284E+03     0.355284E+03     0.355284E+03     0.355284E+03     0.355284E+03     0.355284E+03     0.355284E+03     0.355284E+03     0.355284E+03     0.355284E+03     0.355284E+03     0.355284E+03     0.355284E+03     0.355284E+03     0.355284E+03     0.355284E+03     0.355284E+03     0.355284E+03     0.355284E+03     0.355284E+03     0.355284E+03     0.355284E+03     0.355284E+03     0.355284E+03     0.355284E+03     0.355283E+03     0.355282E+03     0.355281E+03     0.355279E+03     0.355275E+03     0.355268E+03     0.355258E+03     0.355241E+03     0.355215E+03     0.355175E+03     0.355113E+03     0.355021E+03     0.354886E+03     0.354692E+03     0.354416E+03     0.354031E+03     0.353504E+03     0.352796E+03     0.351860E+03     0.350646E+03     0.349099E+03     0.347163E+03     0.344784E+03     0.341914E+03     0.338514E+03     0.334562E+03     0.330050E+03     0.324995E+03     0.319436E+03     0.313435E+03     0.307077E+03     0.300467E+03     0.293721E+03     0.293721E+03
     0.293723E+03     0.293723E+03     0.300500E+03     0.307140E+03     0.313526E+03     0.319553E+03     0.325137E+03     0.330215E+03     0.334747E+03     0.338718E+03     0.342132E+03     0.345015E+03     0.347405E+03     0.349350E+03     0.350904E+03     0.352123E+03     0.353063E+03     0.353775E+03     0.354304E+03     0.354690E+03     0.354968E+03     0.355163E+03     0.355299E+03     0.355391E+03     0.355453E+03     0.355493E+03     0.355520E+03     0.355537E+03     0.355547E+03     0.355553E+03     0.355557E+03     0.355560E+03     0.355561E+03     0.355562E+03     0.355562E+03     0.355563E+03     0.355563E+03     0.355563E+03     0.355563E+03     0.355563E+03     0.355563E+03     0.355563E+03     0.355563E+03     0.355563E+03     0.355563E+03     0.355563E+03     0.355563E+03     0.355563E+03     0.355563E+03     0.355563E+03     0.355563E+03     0.355563E+03     0.355563E+03     0.355563E+03     0.355563E+03     0.355563E+03     0.355563E+03     0.355563E+03     0.355563E+03     0.355563E+03     0.355563E+03     0.355563E+03     0.355563E+03     0.355563E+03     0.355563E+03     0.355563E+03     0.355563E+03     0.355562E+03     0.355562E+03     0.355561E+03     0.355560E+03     0.355557E+03     0.355553E+03     0.355547E+03     0.355537E+03     0.355520E+03     0.355493E+03     0.355453E+03     0.355391E+03     0.355299E+03     0.355163E+03     0.354968E+03     0.354690E+03     0.354304E+03     0.353775E+03     0.353063E+03     0.352123E+03     0.350904E+03     0.349350E+03     0.347405E+03     0.345015E+03     0.342132E+03     0.338718E+03     0.334747E+03     0.330215E+03     0.325137E+03     0.319553E+03     0.313526E+03     0.307140E+03     0.300500E+03     0.293723E+03     0.293723E+03
     0.293725E+03     0.293725E+03     0.300522E+03     0.307183E+03     0.313589E+03     0.319636E+03     0.325237E+03     0.330331E+03     0.334877E+03     0.338860E+03     0.342285E+03     0.345177E+03     0.347574E+03     0.349525E+03     0.351084E+03     0.352308E+03     0.353251E+03     0.353964E+03     0.354495E+03     0.354883E+03     0.355161E+03     0.355357E+03     0.355493E+03     0.355586E+03     0.355648E+03     0.355688E+03     0.355715E+03     0.355732E+03     0.355742E+03     0.355749E+03     0.355753E+03     0.355755E+03     0.355756E+03     0.355757E+03     0.355757E+03     0.355758E+03     0.355758E+03     0.355758E+03     0.355758E+03     0.355758E+03     0.355758E+03     0.355758E+03     0.355758E+03     0.355758E+03     0.355758E+03     0.355758E+03     0.355758E+03     0.355758E+03     0.355758E+03     0.355758E+03     0.355758E+03     0.355758E+03     0.355758E+03     0.355758E+03     0.355758E+03     0.355758E+03     0.355758E+03     0.355758E+03     0.355758E+03     0.355758E+03     0.355758E+03     0.355758E+03     0.355758E+03     0.355758E+03     0.355758E+03     0.355758E+03     0.355758E+03     0.355757E+03     0.355757E+03     0.355756E+03     0.355755E+03     0.355753E+03     0.355749E+03     0.355742E+03     0.355732E+03     0.355715E+03     0.355688E+03     0.355648E+03     0.355586E+03     0.355493E+03     0.355357E+03     0.355161E+03     0.354883E+03     0.354495E+03     0.353964E+03     0.353251E+03     0.352308E+03     0.351084E+03     0.349525E+03     0.347574E+03     0.345177E+03     0.342285E+03     0.338860E+03     0.334877E+03     0.330331E+03     0.325237E+03     0.319636E+03     0.313589E+03     0.307183E+03     0.300522E+03     0.293725E+03     0.293725E+03
     0.293726E+03     0.293726E+03     0.300538E+03     0.307213E+03     0.313633E+03     0.319692E+03     0.325305E+03     0.330410E+03     0.334966E+03     0.338957E+03     0.342390E+03     0.345288E+03     0.347690E+03     0.349645E+03     0.351207E+03     0.352433E+03     0.353378E+03     0.354093E+03     0.354625E+03     0.355014E+03     0.355292E+03     0.355489E+03     0.355625E+03     0.355718E+03     0.355780E+03     0.355821E+03     0.355848E+03     0.355864E+03     0.355875E+03     0.355881E+03     0.355885E+03     0.355888E+03     0.355889E+03     0.355890E+03     0.355890E+03     0.355891E+03     0.355891E+03     0.355891E+03     0.355891E+03     0.355891E+03     0.355891E+03     0.355891E+03     0.355891E+03     0.355891E+03     0.355891E+03     0.355891E+03     0.355891E+03     0.355891E+03     0.355891E+03     0.355891E+03     0.355891E+03     0.355891E+03     0.355891E+03     0.355891E+03     0.355891E+03     0.355891E+03     0.355891E+03     0.355891E+03     0.355891E+03     0.355891E+03     0.355891E+03     0.355891E+03     0.355891E+03     0.355891E+03     0.355891E+03     0.355891E+03     0.355891E+03     0.355890E+03     0.355890E+03     0.355889E+03     0.355888E+03     0.355885E+03     0.355881E+03     0.355875E+03     0.355864E+03     0.355848E+03     0.355821E+03     0.355780E+03     0.355718E+03     0.355625E+03     0.355489E+03     0.355292E+03     0.355014E+03     0.354625E+03     0.354093E+03     0.353378E+03     0.352433E+03     0.351207E+03     0.349645E+03     0.347690E+03     0.345288E+03     0.342390E+03     0.338957E+03     0.334966E+03     0.330410E+03     0.325305E+03     0.319692E+03     0.313633E+03     0.307213E+03     0.300538E+03     0.293726E+03     0.293726E+03
