     0.356160E+03     0.293166E+03     0.293232E+03     0.293298E+03     0.293361E+03     0.293419E+03     0.293474E+03     0.293523E+03     0.293566E+03     0.293603E+03     0.293635E+03     0.293662E+03     0.293683E+03     0.293701E+03     0.293714E+03     0.293725E+03     0.293732E+03     0.293738E+03     0.293743E+03     0.293746E+03     0.293748E+03     0.293749E+03     0.293750E+03     0.293751E+03     0.293751E+03     0.293751E+03     0.293752E+03     0.293752E+03     0.293752E+03     0.293752E+03     0.293752E+03     0.293752E+03     0.293752E+03     0.293752E+03     0.293752E+03     0.293752E+03     0.293752E+03     0.293752E+03     0.293752E+03     0.293752E+03     0.293752E+03     0.293752E+03     0.293752E+03     0.293752E+03     0.293752E+03     0.293752E+03     0.293752E+03     0.293752E+03     0.293752E+03     0.293752E+03     0.293752E+03     0.293752E+03     0.293752E+03     0.293752E+03     0.293752E+03     0.293752E+03     0.293752E+03     0.293752E+03     0.293752E+03     0.293752E+03     0.293752E+03     0.293752E+03     0.293752E+03     0.293752E+03     0.293752E+03     0.293752E+03     0.293752E+03     0.293752E+03     0.293752E+03     0.293752E+03     0.293752E+03     0.293752E+03     0.293752E+03     0.293752E+03     0.293752E+03     0.293752E+03     0.293751E+03     0.293751E+03     0.293751E+03     0.293750E+03     0.293749E+03     0.293748E+03     0.293746E+03     0.293743E+03     0.293738E+03     0.293732E+03     0.293725E+03     0.293714E+03     0.293701E+03     0.293683E+03     0.293662E+03     0.293635E+03     0.293603E+03     0.293566E+03     0.293523E+03     0.293474E+03     0.293419E+03     0.293361E+03     0.293298E+03     0.293232E+03     0.293166E+03     0.356160E+03
     0.293166E+03     0.293166E+03     0.293232E+03     0.293298E+03     0.293361E+03     0.293419E+03     0.293474E+03     0.293523E+03     0.293566E+03     0.293603E+03     0.293635E+03     0.293662E+03     0.293683E+03     0.293701E+03     0.293714E+03     0.293725E+03     0.293732E+03     0.293738E+03     0.293743E+03     0.293746E+03     0.293748E+03     0.293749E+03     0.293750E+03     0.293751E+03     0.293751E+03     0.293751E+03     0.293752E+03     0.293752E+03     0.293752E+03     0.293752E+03     0.293752E+03     0.293752E+03     0.293752E+03     0.293752E+03     0.293752E+03     0.293752E+03     0.293752E+03     0.293752E+03     0.293752E+03     0.293752E+03     0.293752E+03     0.293752E+03     0.293752E+03     0.293752E+03     0.293752E+03     0.293752E+03     0.293752E+03     0.293752E+03     0.293752E+03     0.293752E+03     0.293752E+03     0.293752E+03     0.293752E+03     0.293752E+03     0.293752E+03     0.293752E+03     0.293752E+03     0.293752E+03     0.293752E+03     0.293752E+03     0.293752E+03     0.293752E+03     0.293752E+03     0.293752E+03     0.293752E+03     0.293752E+03     0.293752E+03     0.293752E+03     0.293752E+03     0.293752E+03     0.293752E+03     0.293752E+03     0.293752E+03     0.293752E+03     0.293752E+03     0.293752E+03     0.293751E+03     0.293751E+03     0.293751E+03     0.293750E+03     0.293749E+03     0.293748E+03     0.293746E+03     0.293743E+03     0.293738E+03     0.293732E+03     0.293725E+03     0.293714E+03     0.293701E+03     0.293683E+03     0.293662E+03     0.293635E+03     0.293603E+03     0.293566E+03     0.293523E+03     0.293474E+03     0.293419E+03     0.293361E+03     0.293298E+03     0.293232E+03     0.293166E+03     0.293166E+03
     0.293232E+03     0.293232E+03     0.294104E+03     0.294957E+03     0.295774E+03     0.296542E+03     0.297248E+03     0.297886E+03     0.298449E+03     0.298937E+03     0.299352E+03     0.299697E+03     0.299979E+03     0.300204E+03     0.300381E+03     0.300517E+03     0.300620E+03     0.300696E+03     0.300751E+03     0.300790E+03     0.300817E+03     0.300836E+03     0.300849E+03     0.300857E+03     0.300863E+03     0.300866E+03     0.300868E+03     0.300869E+03     0.300870E+03     0.300871E+03     0.300871E+03     0.300871E+03     0.300871E+03     0.300871E+03     0.300871E+03     0.300871E+03     0.300871E+03     0.300871E+03     0.300871E+03     0.300871E+03     0.300871E+03     0.300871E+03     0.300871E+03     0.300871E+03     0.300871E+03     0.300871E+03     0.300871E+03     0.300871E+03     0.300871E+03     0.300871E+03     0.300871E+03     0.300871E+03     0.300871E+03     0.300871E+03     0.300871E+03     0.300871E+03     0.300871E+03     0.300871E+03     0.300871E+03     0.300871E+03     0.300871E+03     0.300871E+03     0.300871E+03     0.300871E+03     0.300871E+03     0.300871E+03     0.300871E+03     0.300871E+03     0.300871E+03     0.300871E+03     0.300871E+03     0.300871E+03     0.300871E+03     0.300870E+03     0.300869E+03     0.300868E+03     0.300866E+03     0.300863E+03     0.300857E+03     0.300849E+03     0.300836E+03     0.300817E+03     0.300790E+03     0.300751E+03     0.300696E+03     0.300620E+03     0.300517E+03     0.300381E+03     0.300204E+03     0.299979E+03     0.299697E+03     0.299352E+03     0.298937E+03     0.298449E+03     0.297886E+03     0.297248E+03     0.296542E+03     0.295774E+03     0.294957E+03     0.294104E+03     0.293232E+03     0.293232E+03
     0.293298E+03     0.293298E+03     0.294957E+03     0.296579E+03     0.298135E+03     0.299596E+03     0.300941E+03     0.302154E+03     0.303226E+03     0.304155E+03     0.304944E+03     0.305601E+03     0.306137E+03     0.306566E+03     0.306903E+03     0.307162E+03     0.307357E+03     0.307501E+03     0.307606E+03     0.307681E+03     0.307733E+03     0.307769E+03     0.307793E+03     0.307809E+03     0.307819E+03     0.307826E+03     0.307830E+03     0.307832E+03     0.307834E+03     0.307835E+03     0.307835E+03     0.307836E+03     0.307836E+03     0.307836E+03     0.307836E+03     0.307836E+03     0.307836E+03     0.307836E+03     0.307836E+03     0.307836E+03     0.307836E+03     0.307836E+03     0.307836E+03     0.307836E+03     0.307836E+03     0.307836E+03     0.307836E+03     0.307836E+03     0.307836E+03     0.307836E+03     0.307836E+03     0.307836E+03     0.307836E+03     0.307836E+03     0.307836E+03     0.307836E+03     0.307836E+03     0.307836E+03     0.307836E+03     0.307836E+03     0.307836E+03     0.307836E+03     0.307836E+03     0.307836E+03     0.307836E+03     0.307836E+03     0.307836E+03     0.307836E+03     0.307836E+03     0.307836E+03     0.307836E+03     0.307835E+03     0.307835E+03     0.307834E+03     0.307832E+03     0.307830E+03     0.307826E+03     0.307819E+03     0.307809E+03     0.307793E+03     0.307769E+03     0.307733E+03     0.307681E+03     0.307606E+03     0.307501E+03     0.307357E+03     0.307162E+03     0.306903E+03     0.306566E+03     0.306137E+03     0.305601E+03     0.304944E+03     0.304155E+03     0.303226E+03     0.302154E+03     0.300941E+03     0.299596E+03     0.298135E+03     0.296579E+03     0.294957E+03     0.293298E+03     0.293298E+03
     0.293361E+03     0.293361E+03     0.295774E+03     0.298135E+03     0.300398E+03     0.302523E+03     0.304480E+03     0.306245E+03     0.307805E+03     0.309157E+03     0.310305E+03     0.311261E+03     0.312041E+03     0.312665E+03     0.313154E+03     0.313531E+03     0.313815E+03     0.314025E+03     0.314178E+03     0.314287E+03     0.314362E+03     0.314415E+03     0.314450E+03     0.314473E+03     0.314488E+03     0.314497E+03     0.314503E+03     0.314507E+03     0.314509E+03     0.314511E+03     0.314511E+03     0.314512E+03     0.314512E+03     0.314512E+03     0.314512E+03     0.314512E+03     0.314512E+03     0.314512E+03     0.314512E+03     0.314512E+03     0.314512E+03     0.314512E+03     0.314512E+03     0.314512E+03     0.314512E+03     0.314512E+03     0.314512E+03     0.314512E+03     0.314512E+03     0.314512E+03     0.314512E+03     0.314512E+03     0.314512E+03     0.314512E+03     0.314512E+03     0.314512E+03     0.314512E+03     0.314512E+03     0.314512E+03     0.314512E+03     0.314512E+03     0.314512E+03     0.314512E+03     0.314512E+03     0.314512E+03     0.314512E+03     0.314512E+03     0.314512E+03     0.314512E+03     0.314512E+03     0.314512E+03     0.314511E+03     0.314511E+03     0.314509E+03     0.314507E+03     0.314503E+03     0.314497E+03     0.314488E+03     0.314473E+03     0.314450E+03     0.314415E+03     0.314362E+03     0.314287E+03     0.314178E+03     0.314025E+03     0.313815E+03     0.313531E+03     0.313154E+03     0.312665E+03     0.312041E+03     0.311261E+03     0.310305E+03     0.309157E+03     0.307805E+03     0.306245E+03     0.304480E+03     0.302523E+03     0.300398E+03     0.298135E+03     0.295774E+03     0.293361E+03     0.293361E+03
     0.293419E+03     0.293419E+03     0.296542E+03     0.299596E+03     0.302523E+03     0.305273E+03     0.307804E+03     0.310088E+03     0.312106E+03     0.313855E+03     0.315341E+03     0.316577E+03     0.317586E+03     0.318394E+03     0.319027E+03     0.319514E+03     0.319882E+03     0.320154E+03     0.320351E+03     0.320492E+03     0.320590E+03     0.320657E+03     0.320702E+03     0.320732E+03     0.320752E+03     0.320764E+03     0.320772E+03     0.320777E+03     0.320780E+03     0.320781E+03     0.320782E+03     0.320783E+03     0.320783E+03     0.320783E+03     0.320783E+03     0.320783E+03     0.320784E+03     0.320784E+03     0.320784E+03     0.320784E+03     0.320784E+03     0.320784E+03     0.320784E+03     0.320784E+03     0.320784E+03     0.320784E+03     0.320784E+03     0.320784E+03     0.320784E+03     0.320784E+03     0.320784E+03     0.320784E+03     0.320784E+03     0.320784E+03     0.320784E+03     0.320784E+03     0.320784E+03     0.320784E+03     0.320784E+03     0.320784E+03     0.320784E+03     0.320784E+03     0.320784E+03     0.320784E+03     0.320784E+03     0.320784E+03     0.320783E+03     0.320783E+03     0.320783E+03     0.320783E+03     0.320783E+03     0.320782E+03     0.320781E+03     0.320780E+03     0.320777E+03     0.320772E+03     0.320764E+03     0.320752E+03     0.320732E+03     0.320702E+03     0.320657E+03     0.320590E+03     0.320492E+03     0.320351E+03     0.320154E+03     0.319882E+03     0.319514E+03     0.319027E+03     0.318394E+03     0.317586E+03     0.316577E+03     0.315341E+03     0.313855E+03     0.312106E+03     0.310088E+03     0.307804E+03     0.305273E+03     0.302523E+03     0.299596E+03     0.296542E+03     0.293419E+03     0.293419E+03
     0.293474E+03     0.293474E+03     0.297248E+03     0.300941E+03     0.304480E+03     0.307804E+03     0.310865E+03     0.313625E+03     0.316066E+03     0.318180E+03     0.319976E+03     0.321471E+03     0.322691E+03     0.323667E+03     0.324432E+03     0.325022E+03     0.325466E+03     0.325795E+03     0.326033E+03     0.326203E+03     0.326322E+03     0.326404E+03     0.326458E+03     0.326495E+03     0.326518E+03     0.326533E+03     0.326542E+03     0.326548E+03     0.326552E+03     0.326554E+03     0.326555E+03     0.326556E+03     0.326556E+03     0.326556E+03     0.326556E+03     0.326556E+03     0.326556E+03     0.326556E+03     0.326556E+03     0.326556E+03     0.326556E+03     0.326556E+03     0.326556E+03     0.326556E+03     0.326556E+03     0.326556E+03     0.326556E+03     0.326556E+03     0.326556E+03     0.326556E+03     0.326556E+03     0.326556E+03     0.326556E+03     0.326556E+03     0.326556E+03     0.326556E+03     0.326556E+03     0.326556E+03     0.326556E+03     0.326556E+03     0.326556E+03     0.326556E+03     0.326556E+03     0.326556E+03     0.326556E+03     0.326556E+03     0.326556E+03     0.326556E+03     0.326556E+03     0.326556E+03     0.326556E+03     0.326555E+03     0.326554E+03     0.326552E+03     0.326548E+03     0.326542E+03     0.326533E+03     0.326518E+03     0.326495E+03     0.326458E+03     0.326404E+03     0.326322E+03     0.326203E+03     0.326033E+03     0.325795E+03     0.325466E+03     0.325022E+03     0.324432E+03     0.323667E+03     0.322691E+03     0.321471E+03     0.319976E+03     0.318180E+03     0.316066E+03     0.313625E+03     0.310865E+03     0.307804E+03     0.304480E+03     0.300941E+03     0.297248E+03     0.293474E+03     0.293474E+03
     0.293523E+03     0.293523E+03     0.297886E+03     0.302154E+03     0.306245E+03     0.310088E+03     0.313625E+03     0.316816E+03     0.319637E+03     0.322081E+03     0.324157E+03     0.325885E+03     0.327295E+03     0.328424E+03     0.329309E+03     0.329990E+03     0.330503E+03     0.330884E+03     0.331159E+03     0.331356E+03     0.331493E+03     0.331587E+03     0.331651E+03     0.331693E+03     0.331720E+03     0.331737E+03     0.331748E+03     0.331755E+03     0.331759E+03     0.331761E+03     0.331762E+03     0.331763E+03     0.331764E+03     0.331764E+03     0.331764E+03     0.331764E+03     0.331764E+03     0.331764E+03     0.331764E+03     0.331764E+03     0.331764E+03     0.331764E+03     0.331764E+03     0.331764E+03     0.331764E+03     0.331764E+03     0.331764E+03     0.331764E+03     0.331764E+03     0.331764E+03     0.331764E+03     0.331764E+03     0.331764E+03     0.331764E+03     0.331764E+03     0.331764E+03     0.331764E+03     0.331764E+03     0.331764E+03     0.331764E+03     0.331764E+03     0.331764E+03     0.331764E+03     0.331764E+03     0.331764E+03     0.331764E+03     0.331764E+03     0.331764E+03     0.331764E+03     0.331764E+03     0.331763E+03     0.331762E+03     0.331761E+03     0.331759E+03     0.331755E+03     0.331748E+03     0.331737E+03     0.331720E+03     0.331693E+03     0.331651E+03     0.331587E+03     0.331493E+03     0.331356E+03     0.331159E+03     0.330884E+03     0.330503E+03     0.329990E+03     0.329309E+03     0.328424E+03     0.327295E+03     0.325885E+03     0.324157E+03     0.322081E+03     0.319637E+03     0.316816E+03     0.313625E+03     0.310088E+03     0.306245E+03     0.302154E+03     0.297886E+03     0.293523E+03     0.293523E+03
     0.293566E+03     0.293566E+03     0.298449E+03     0.303226E+03     0.307805E+03     0.312106E+03     0.316066E+03     0.319637E+03     0.322794E+03     0.325530E+03     0.327854E+03     0.329788E+03     0.331366E+03     0.332629E+03     0.333620E+03     0.334382E+03     0.334957E+03     0.335383E+03     0.335691E+03     0.335911E+03     0.336065E+03     0.336170E+03     0.336241E+03     0.336288E+03     0.336319E+03     0.336338E+03     0.336350E+03     0.336357E+03     0.336362E+03     0.336365E+03     0.336366E+03     0.336367E+03     0.336368E+03     0.336368E+03     0.336368E+03     0.336368E+03     0.336368E+03     0.336368E+03     0.336368E+03     0.336368E+03     0.336368E+03     0.336368E+03     0.336368E+03     0.336368E+03     0.336368E+03     0.336368E+03     0.336368E+03     0.336368E+03     0.336368E+03     0.336368E+03     0.336368E+03     0.336368E+03     0.336368E+03     0.336368E+03     0.336368E+03     0.336368E+03     0.336368E+03     0.336368E+03     0.336368E+03     0.336368E+03     0.336368E+03     0.336368E+03     0.336368E+03     0.336368E+03     0.336368E+03     0.336368E+03     0.336368E+03     0.336368E+03     0.336368E+03     0.336368E+03     0.336367E+03     0.336366E+03     0.336365E+03     0.336362E+03     0.336357E+03     0.336350E+03     0.336338E+03     0.336319E+03     0.336288E+03     0.336241E+03     0.336170E+03     0.336065E+03     0.335911E+03     0.335691E+03     0.335383E+03     0.334957E+03     0.334382E+03     0.333620E+03     0.332629E+03     0.331366E+03     0.329788E+03     0.327854E+03     0.325530E+03     0.322794E+03     0.319637E+03     0.316066E+03     0.312106E+03     0.307805E+03     0.303226E+03     0.298449E+03     0.293566E+03     0.293566E+03
     0.293603E+03     0.293603E+03     0.298937E+03     0.304155E+03     0.309157E+03     0.313855E+03     0.318180E+03     0.322081E+03     0.325530E+03     0.328519E+03     0.331057E+03     0.333169E+03     0.334894E+03     0.336273E+03     0.337355E+03     0.338188E+03     0.338816E+03     0.339281E+03     0.339618E+03     0.339859E+03     0.340026E+03     0.340142E+03     0.340219E+03     0.340270E+03     0.340303E+03     0.340325E+03     0.340338E+03     0.340346E+03     0.340351E+03     0.340354E+03     0.340355E+03     0.340356E+03     0.340357E+03     0.340357E+03     0.340357E+03     0.340358E+03     0.340358E+03     0.340358E+03     0.340358E+03     0.340358E+03     0.340358E+03     0.340358E+03     0.340358E+03     0.340358E+03     0.340358E+03     0.340358E+03     0.340358E+03     0.340358E+03     0.340358E+03     0.340358E+03     0.340358E+03     0.340358E+03     0.340358E+03     0.340358E+03     0.340358E+03     0.340358E+03     0.340358E+03     0.340358E+03     0.340358E+03     0.340358E+03     0.340358E+03     0.340358E+03     0.340358E+03     0.340358E+03     0.340358E+03     0.340358E+03     0.340358E+03     0.340357E+03     0.340357E+03     0.340357E+03     0.340356E+03     0.340355E+03     0.340354E+03     0.340351E+03     0.340346E+03     0.340338E+03     0.340325E+03     0.340303E+03     0.340270E+03     0.340219E+03     0.340142E+03     0.340026E+03     0.339859E+03     0.339618E+03     0.339281E+03     0.338816E+03     0.338188E+03     0.337355E+03     0.336273E+03     0.334894E+03     0.333169E+03     0.331057E+03     0.328519E+03     0.325530E+03     0.322081E+03     0.318180E+03     0.313855E+03     0.309157E+03     0.304155E+03     0.298937E+03     0.293603E+03     0.293603E+03
     0.293635E+03     0.293635E+03     0.299352E+03     0.304944E+03     0.310305E+03     0.315341E+03     0.319976E+03     0.324157E+03     0.327854E+03     0.331057E+03     0.333777E+03     0.336041E+03     0.337889E+03     0.339368E+03     0.340528E+03     0.341420E+03     0.342094E+03     0.342592E+03     0.342953E+03     0.343211E+03     0.343391E+03     0.343514E+03     0.343597E+03     0.343652E+03     0.343688E+03     0.343711E+03     0.343725E+03     0.343733E+03     0.343739E+03     0.343742E+03     0.343744E+03     0.343745E+03     0.343745E+03     0.343746E+03     0.343746E+03     0.343746E+03     0.343746E+03     0.343746E+03     0.343746E+03     0.343746E+03     0.343746E+03     0.343746E+03     0.343746E+03     0.343746E+03     0.343746E+03     0.343746E+03     0.343746E+03     0.343746E+03     0.343746E+03     0.343746E+03     0.343746E+03     0.343746E+03     0.343746E+03     0.343746E+03     0.343746E+03     0.343746E+03     0.343746E+03     0.343746E+03     0.343746E+03     0.343746E+03     0.343746E+03     0.343746E+03     0.343746E+03     0.343746E+03     0.343746E+03     0.343746E+03     0.343746E+03     0.343746E+03     0.343746E+03     0.343745E+03     0.343745E+03     0.343744E+03     0.343742E+03     0.343739E+03     0.343733E+03     0.343725E+03     0.343711E+03     0.343688E+03     0.343652E+03     0.343597E+03     0.343514E+03     0.343391E+03     0.343211E+03     0.342953E+03     0.342592E+03     0.342094E+03     0.341420E+03     0.340528E+03     0.339368E+03     0.337889E+03     0.336041E+03     0.333777E+03     0.331057E+03     0.327854E+03     0.324157E+03     0.319976E+03     0.315341E+03     0.310305E+03     0.304944E+03     0.299352E+03     0.293635E+03     0.293635E+03
     0.293662E+03     0.293662E+03     0.299697E+03     0.305601E+03     0.311261E+03     0.316577E+03     0.321471E+03     0.325885E+03     0.329788E+03     0.333169E+03     0.336041E+03     0.338432E+03     0.340383E+03     0.341944E+03     0.343169E+03     0.344111E+03     0.344822E+03     0.345348E+03     0.345730E+03     0.346002E+03     0.346192E+03     0.346322E+03     0.346410E+03     0.346468E+03     0.346505E+03     0.346529E+03     0.346544E+03     0.346554E+03     0.346559E+03     0.346562E+03     0.346564E+03     0.346565E+03     0.346566E+03     0.346566E+03     0.346567E+03     0.346567E+03     0.346567E+03     0.346567E+03     0.346567E+03     0.346567E+03     0.346567E+03     0.346567E+03     0.346567E+03     0.346567E+03     0.346567E+03     0.346567E+03     0.346567E+03     0.346567E+03     0.346567E+03     0.346567E+03     0.346567E+03     0.346567E+03     0.346567E+03     0.346567E+03     0.346567E+03     0.346567E+03     0.346567E+03     0.346567E+03     0.346567E+03     0.346567E+03     0.346567E+03     0.346567E+03     0.346567E+03     0.346567E+03     0.346567E+03     0.346567E+03     0.346567E+03     0.346567E+03     0.346566E+03     0.346566E+03     0.346565E+03     0.346564E+03     0.346562E+03     0.346559E+03     0.346554E+03     0.346544E+03     0.346529E+03     0.346505E+03     0.346468E+03     0.346410E+03     0.346322E+03     0.346192E+03     0.346002E+03     0.345730E+03     0.345348E+03     0.344822E+03     0.344111E+03     0.343169E+03     0.341944E+03     0.340383E+03     0.338432E+03     0.336041E+03     0.333169E+03     0.329788E+03     0.325885E+03     0.321471E+03     0.316577E+03     0.311261E+03     0.305601E+03     0.299697E+03     0.293662E+03     0.293662E+03
     0.293683E+03     0.293683E+03     0.299979E+03     0.306137E+03     0.312041E+03     0.317586E+03     0.322691E+03     0.327295E+03     0.331366E+03     0.334894E+03     0.337889E+03     0.340383E+03     0.342419E+03     0.344047E+03     0.345325E+03     0.346308E+03     0.347049E+03     0.347598E+03     0.347996E+03     0.348280E+03     0.348478E+03     0.348614E+03     0.348705E+03     0.348766E+03     0.348805E+03     0.348830E+03     0.348846E+03     0.348855E+03     0.348861E+03     0.348864E+03     0.348866E+03     0.348868E+03     0.348868E+03     0.348869E+03     0.348869E+03     0.348869E+03     0.348869E+03     0.348869E+03     0.348869E+03     0.348869E+03     0.348869E+03     0.348869E+03     0.348869E+03     0.348869E+03     0.348869E+03     0.348869E+03     0.348869E+03     0.348869E+03     0.348869E+03     0.348869E+03     0.348869E+03     0.348869E+03     0.348869E+03     0.348869E+03     0.348869E+03     0.348869E+03     0.348869E+03     0.348869E+03     0.348869E+03     0.348869E+03     0.348869E+03     0.348869E+03     0.348869E+03     0.348869E+03     0.348869E+03     0.348869E+03     0.348869E+03     0.348869E+03     0.348869E+03     0.348868E+03     0.348868E+03     0.348866E+03     0.348864E+03     0.348861E+03     0.348855E+03     0.348846E+03     0.348830E+03     0.348805E+03     0.348766E+03     0.348705E+03     0.348614E+03     0.348478E+03     0.348280E+03     0.347996E+03     0.347598E+03     0.347049E+03     0.346308E+03     0.345325E+03     0.344047E+03     0.342419E+03     0.340383E+03     0.337889E+03     0.334894E+03     0.331366E+03     0.327295E+03     0.322691E+03     0.317586E+03     0.312041E+03     0.306137E+03     0.299979E+03     0.293683E+03     0.293683E+03
     0.293701E+03     0.293701E+03     0.300204E+03     0.306566E+03     0.312665E+03     0.318394E+03     0.323667E+03     0.328424E+03     0.332629E+03     0.336273E+03     0.339368E+03     0.341944E+03     0.344047E+03     0.345729E+03     0.347049E+03     0.348065E+03     0.348831E+03     0.349398E+03     0.349809E+03     0.350102E+03     0.350307E+03     0.350447E+03     0.350542E+03     0.350604E+03     0.350645E+03     0.350671E+03     0.350687E+03     0.350697E+03     0.350703E+03     0.350706E+03     0.350708E+03     0.350710E+03     0.350710E+03     0.350711E+03     0.350711E+03     0.350711E+03     0.350711E+03     0.350711E+03     0.350711E+03     0.350711E+03     0.350711E+03     0.350711E+03     0.350711E+03     0.350711E+03     0.350711E+03     0.350711E+03     0.350711E+03     0.350711E+03     0.350711E+03     0.350711E+03     0.350711E+03     0.350711E+03     0.350711E+03     0.350711E+03     0.350711E+03     0.350711E+03     0.350711E+03     0.350711E+03     0.350711E+03     0.350711E+03     0.350711E+03     0.350711E+03     0.350711E+03     0.350711E+03     0.350711E+03     0.350711E+03     0.350711E+03     0.350711E+03     0.350711E+03     0.350710E+03     0.350710E+03     0.350708E+03     0.350706E+03     0.350703E+03     0.350697E+03     0.350687E+03     0.350671E+03     0.350645E+03     0.350604E+03     0.350542E+03     0.350447E+03     0.350307E+03     0.350102E+03     0.349809E+03     0.349398E+03     0.348831E+03     0.348065E+03     0.347049E+03     0.345729E+03     0.344047E+03     0.341944E+03     0.339368E+03     0.336273E+03     0.332629E+03     0.328424E+03     0.323667E+03     0.318394E+03     0.312665E+03     0.306566E+03     0.300204E+03     0.293701E+03     0.293701E+03
     0.293714E+03     0.293714E+03     0.300381E+03     0.306903E+03     0.313154E+03     0.319027E+03     0.324432E+03     0.329309E+03     0.333620E+03     0.337355E+03     0.340528E+03     0.343169E+03     0.345325E+03     0.347049E+03     0.348402E+03     0.349443E+03     0.350229E+03     0.350810E+03     0.351232E+03     0.351532E+03     0.351742E+03     0.351886E+03     0.351983E+03     0.352047E+03     0.352089E+03     0.352115E+03     0.352132E+03     0.352142E+03     0.352148E+03     0.352151E+03     0.352154E+03     0.352155E+03     0.352156E+03     0.352156E+03     0.352156E+03     0.352156E+03     0.352156E+03     0.352156E+03     0.352156E+03     0.352156E+03     0.352156E+03     0.352156E+03     0.352156E+03     0.352156E+03     0.352156E+03     0.352156E+03     0.352156E+03     0.352156E+03     0.352156E+03     0.352156E+03     0.352156E+03     0.352156E+03     0.352156E+03     0.352156E+03     0.352156E+03     0.352156E+03     0.352156E+03     0.352156E+03     0.352156E+03     0.352156E+03     0.352156E+03     0.352156E+03     0.352156E+03     0.352156E+03     0.352156E+03     0.352156E+03     0.352156E+03     0.352156E+03     0.352156E+03     0.352156E+03     0.352155E+03     0.352154E+03     0.352151E+03     0.352148E+03     0.352142E+03     0.352132E+03     0.352115E+03     0.352089E+03     0.352047E+03     0.351983E+03     0.351886E+03     0.351742E+03     0.351532E+03     0.351232E+03     0.350810E+03     0.350229E+03     0.349443E+03     0.348402E+03     0.347049E+03     0.345325E+03     0.343169E+03     0.340528E+03     0.337355E+03     0.333620E+03     0.329309E+03     0.324432E+03     0.319027E+03     0.313154E+03     0.306903E+03     0.300381E+03     0.293714E+03     0.293714E+03
     0.293725E+03     0.293725E+03     0.300517E+03     0.307162E+03     0.313531E+03     0.319514E+03     0.325021E+03     0.329990E+03     0.334382E+03     0.338188E+03     0.341420E+03     0.344111E+03     0.346307E+03     0.348065E+03     0.349443E+03     0.350504E+03     0.351304E+03     0.351896E+03     0.352326E+03     0.352632E+03     0.352846E+03     0.352993E+03     0.353091E+03     0.353157E+03     0.353199E+03     0.353226E+03     0.353243E+03     0.353253E+03     0.353260E+03     0.353263E+03     0.353265E+03     0.353267E+03     0.353267E+03     0.353268E+03     0.353268E+03     0.353268E+03     0.353268E+03     0.353268E+03     0.353268E+03     0.353268E+03     0.353268E+03     0.353268E+03     0.353268E+03     0.353268E+03     0.353268E+03     0.353268E+03     0.353268E+03     0.353268E+03     0.353268E+03     0.353268E+03     0.353268E+03     0.353268E+03     0.353268E+03     0.353268E+03     0.353268E+03     0.353268E+03     0.353268E+03     0.353268E+03     0.353268E+03     0.353268E+03     0.353268E+03     0.353268E+03     0.353268E+03     0.353268E+03     0.353268E+03     0.353268E+03     0.353268E+03     0.353268E+03     0.353268E+03     0.353267E+03     0.353267E+03     0.353265E+03     0.353263E+03     0.353260E+03     0.353253E+03     0.353243E+03     0.353226E+03     0.353199E+03     0.353157E+03     0.353091E+03     0.352993E+03     0.352846E+03     0.352632E+03     0.352326E+03     0.351896E+03     0.351304E+03     0.350504E+03     0.349443E+03     0.348065E+03     0.346307E+03     0.344111E+03     0.341420E+03     0.338188E+03     0.334382E+03     0.329990E+03     0.325021E+03     0.319514E+03     0.313531E+03     0.307162E+03     0.300517E+03     0.293725E+03     0.293725E+03
     0.293732E+03     0.293732E+03     0.300620E+03     0.307357E+03     0.313815E+03     0.319882E+03     0.325466E+03     0.330503E+03     0.334957E+03     0.338816E+03     0.342094E+03     0.344822E+03     0.347049E+03     0.348831E+03     0.350229E+03     0.351304E+03     0.352115E+03     0.352716E+03     0.353152E+03     0.353462E+03     0.353679E+03     0.353828E+03     0.353928E+03     0.353994E+03     0.354037E+03     0.354064E+03     0.354081E+03     0.354092E+03     0.354098E+03     0.354102E+03     0.354104E+03     0.354105E+03     0.354106E+03     0.354107E+03     0.354107E+03     0.354107E+03     0.354107E+03     0.354107E+03     0.354107E+03     0.354107E+03     0.354107E+03     0.354107E+03     0.354107E+03     0.354107E+03     0.354107E+03     0.354107E+03     0.354107E+03     0.354107E+03     0.354107E+03     0.354107E+03     0.354107E+03     0.354107E+03     0.354107E+03     0.354107E+03     0.354107E+03     0.354107E+03     0.354107E+03     0.354107E+03     0.354107E+03     0.354107E+03     0.354107E+03     0.354107E+03     0.354107E+03     0.354107E+03     0.354107E+03     0.354107E+03     0.354107E+03     0.354107E+03     0.354107E+03     0.354106E+03     0.354105E+03     0.354104E+03     0.354102E+03     0.354098E+03     0.354092E+03     0.354081E+03     0.354064E+03     0.354037E+03     0.353994E+03     0.353928E+03     0.353828E+03     0.353679E+03     0.353462E+03     0.353152E+03     0.352716E+03     0.352115E+03     0.351304E+03     0.350229E+03     0.348831E+03     0.347049E+03     0.344822E+03     0.342094E+03     0.338816E+03     0.334957E+03     0.330503E+03     0.325466E+03     0.319882E+03     0.313815E+03     0.307357E+03     0.300620E+03     0.293732E+03     0.293732E+03
     0.293738E+03     0.293738E+03     0.300696E+03     0.307501E+03     0.314025E+03     0.320153E+03     0.325795E+03     0.330883E+03     0.335382E+03     0.339281E+03     0.342592E+03     0.345348E+03     0.347597E+03     0.349397E+03     0.350810E+03     0.351896E+03     0.352716E+03     0.353322E+03     0.353762E+03     0.354076E+03     0.354295E+03     0.354445E+03     0.354547E+03     0.354614E+03     0.354657E+03     0.354684E+03     0.354702E+03     0.354712E+03     0.354719E+03     0.354723E+03     0.354725E+03     0.354726E+03     0.354727E+03     0.354727E+03     0.354727E+03     0.354728E+03     0.354728E+03     0.354728E+03     0.354728E+03     0.354728E+03     0.354728E+03     0.354728E+03     0.354728E+03     0.354728E+03     0.354728E+03     0.354728E+03     0.354728E+03     0.354728E+03     0.354728E+03     0.354728E+03     0.354728E+03     0.354728E+03     0.354728E+03     0.354728E+03     0.354728E+03     0.354728E+03     0.354728E+03     0.354728E+03     0.354728E+03     0.354728E+03     0.354728E+03     0.354728E+03     0.354728E+03     0.354728E+03     0.354728E+03     0.354728E+03     0.354728E+03     0.354727E+03     0.354727E+03     0.354727E+03     0.354726E+03     0.354725E+03     0.354723E+03     0.354719E+03     0.354712E+03     0.354702E+03     0.354684E+03     0.354657E+03     0.354614E+03     0.354547E+03     0.354445E+03     0.354295E+03     0.354076E+03     0.353762E+03     0.353322E+03     0.352716E+03     0.351896E+03     0.350810E+03     0.349397E+03     0.347597E+03     0.345348E+03     0.342592E+03     0.339281E+03     0.335382E+03     0.330883E+03     0.325795E+03     0.320153E+03     0.314025E+03     0.307501E+03     0.300696E+03     0.293738E+03     0.293738E+03
     0.293743E+03     0.293743E+03     0.300751E+03     0.307606E+03     0.314178E+03     0.320351E+03     0.326033E+03     0.331159E+03     0.335691E+03     0.339618E+03     0.342953E+03     0.345730E+03     0.347996E+03     0.349809E+03     0.351231E+03     0.352326E+03     0.353151E+03     0.353762E+03     0.354206E+03     0.354522E+03     0.354742E+03     0.354894E+03     0.354996E+03     0.355063E+03     0.355107E+03     0.355135E+03     0.355152E+03     0.355163E+03     0.355169E+03     0.355173E+03     0.355175E+03     0.355177E+03     0.355177E+03     0.355178E+03     0.355178E+03     0.355178E+03     0.355178E+03     0.355178E+03     0.355178E+03     0.355178E+03     0.355178E+03     0.355178E+03     0.355178E+03     0.355178E+03     0.355178E+03     0.355178E+03     0.355178E+03     0.355178E+03     0.355178E+03     0.355178E+03     0.355178E+03     0.355178E+03     0.355178E+03     0.355178E+03     0.355178E+03     0.355178E+03     0.355178E+03     0.355178E+03     0.355178E+03     0.355178E+03     0.355178E+03     0.355178E+03     0.355178E+03     0.355178E+03     0.355178E+03     0.355178E+03     0.355178E+03     0.355178E+03     0.355178E+03     0.355177E+03     0.355177E+03     0.355175E+03     0.355173E+03     0.355169E+03     0.355163E+03     0.355152E+03     0.355135E+03     0.355107E+03     0.355063E+03     0.354996E+03     0.354894E+03     0.354742E+03     0.354522E+03     0.354206E+03     0.353762E+03     0.353151E+03     0.352326E+03     0.351231E+03     0.349809E+03     0.347996E+03     0.345730E+03     0.342953E+03     0.339618E+03     0.335691E+03     0.331159E+03     0.326033E+03     0.320351E+03     0.314178E+03     0.307606E+03     0.300751E+03     0.293743E+03     0.293743E+03
     0.293746E+03     0.293746E+03     0.300790E+03     0.307681E+03     0.314286E+03     0.320491E+03     0.326203E+03     0.331355E+03     0.335911E+03     0.339858E+03     0.343210E+03     0.346001E+03     0.348279E+03     0.350101E+03     0.351531E+03     0.352631E+03     0.353461E+03     0.354075E+03     0.354521E+03     0.354839E+03     0.355061E+03     0.355213E+03     0.355315E+03     0.355383E+03     0.355427E+03     0.355455E+03     0.355472E+03     0.355483E+03     0.355490E+03     0.355494E+03     0.355496E+03     0.355497E+03     0.355498E+03     0.355498E+03     0.355498E+03     0.355499E+03     0.355499E+03     0.355499E+03     0.355499E+03     0.355499E+03     0.355499E+03     0.355499E+03     0.355499E+03     0.355499E+03     0.355499E+03     0.355499E+03     0.355499E+03     0.355499E+03     0.355499E+03     0.355499E+03     0.355499E+03     0.355499E+03     0.355499E+03     0.355499E+03     0.355499E+03     0.355499E+03     0.355499E+03     0.355499E+03     0.355499E+03     0.355499E+03     0.355499E+03     0.355499E+03     0.355499E+03     0.355499E+03     0.355499E+03     0.355499E+03     0.355499E+03     0.355498E+03     0.355498E+03     0.355498E+03     0.355497E+03     0.355496E+03     0.355494E+03     0.355490E+03     0.355483E+03     0.355472E+03     0.355455E+03     0.355427E+03     0.355383E+03     0.355315E+03     0.355213E+03     0.355061E+03     0.354839E+03     0.354521E+03     0.354075E+03     0.353461E+03     0.352631E+03     0.351531E+03     0.350101E+03     0.348279E+03     0.346001E+03     0.343210E+03     0.339858E+03     0.335911E+03     0.331355E+03     0.326203E+03     0.320491E+03     0.314286E+03     0.307681E+03     0.300790E+03     0.293746E+03     0.293746E+03
     0.293748E+03     0.293748E+03     0.300817E+03     0.307733E+03     0.314362E+03     0.320589E+03     0.326321E+03     0.331492E+03     0.336064E+03     0.340025E+03     0.343390E+03     0.346191E+03     0.348476E+03     0.350306E+03     0.351741E+03     0.352845E+03     0.353677E+03     0.354294E+03     0.354741E+03     0.355060E+03     0.355283E+03     0.355435E+03     0.355538E+03     0.355606E+03     0.355650E+03     0.355678E+03     0.355696E+03     0.355707E+03     0.355713E+03     0.355717E+03     0.355719E+03     0.355721E+03     0.355721E+03     0.355722E+03     0.355722E+03     0.355722E+03     0.355722E+03     0.355722E+03     0.355722E+03     0.355722E+03     0.355722E+03     0.355722E+03     0.355722E+03     0.355722E+03     0.355722E+03     0.355722E+03     0.355722E+03     0.355722E+03     0.355722E+03     0.355722E+03     0.355722E+03     0.355722E+03     0.355722E+03     0.355722E+03     0.355722E+03     0.355722E+03     0.355722E+03     0.355722E+03     0.355722E+03     0.355722E+03     0.355722E+03     0.355722E+03     0.355722E+03     0.355722E+03     0.355722E+03     0.355722E+03     0.355722E+03     0.355722E+03     0.355722E+03     0.355721E+03     0.355721E+03     0.355719E+03     0.355717E+03     0.355713E+03     0.355707E+03     0.355696E+03     0.355678E+03     0.355650E+03     0.355606E+03     0.355538E+03     0.355435E+03     0.355283E+03     0.355060E+03     0.354741E+03     0.354294E+03     0.353677E+03     0.352845E+03     0.351741E+03     0.350306E+03     0.348476E+03     0.346191E+03     0.343390E+03     0.340025E+03     0.336064E+03     0.331492E+03     0.326321E+03     0.320589E+03     0.314362E+03     0.307733E+03     0.300817E+03     0.293748E+03     0.293748E+03
     0.293749E+03     0.293749E+03     0.300836E+03     0.307768E+03     0.314414E+03     0.320656E+03     0.326402E+03     0.331586E+03     0.336168E+03     0.340139E+03     0.343512E+03     0.346320E+03     0.348611E+03     0.350445E+03     0.351883E+03     0.352990E+03     0.353825E+03     0.354443E+03     0.354891E+03     0.355211E+03     0.355434E+03     0.355587E+03     0.355690E+03     0.355758E+03     0.355803E+03     0.355831E+03     0.355848E+03     0.355859E+03     0.355866E+03     0.355870E+03     0.355872E+03     0.355873E+03     0.355874E+03     0.355874E+03     0.355875E+03     0.355875E+03     0.355875E+03     0.355875E+03     0.355875E+03     0.355875E+03     0.355875E+03     0.355875E+03     0.355875E+03     0.355875E+03     0.355875E+03     0.355875E+03     0.355875E+03     0.355875E+03     0.355875E+03     0.355875E+03     0.355875E+03     0.355875E+03     0.355875E+03     0.355875E+03     0.355875E+03     0.355875E+03     0.355875E+03     0.355875E+03     0.355875E+03     0.355875E+03     0.355875E+03     0.355875E+03     0.355875E+03     0.355875E+03     0.355875E+03     0.355875E+03     0.355875E+03     0.355875E+03     0.355874E+03     0.355874E+03     0.355873E+03     0.355872E+03     0.355870E+03     0.355866E+03     0.355859E+03     0.355848E+03     0.355831E+03     0.355803E+03     0.355758E+03     0.355690E+03     0.355587E+03     0.355434E+03     0.355211E+03     0.354891E+03     0.354443E+03     0.353825E+03     0.352990E+03     0.351883E+03     0.350445E+03     0.348611E+03     0.346320E+03     0.343512E+03     0.340139E+03     0.336168E+03     0.331586E+03     0.326402E+03     0.320656E+03     0.314414E+03     0.307768E+03     0.300836E+03     0.293749E+03     0.293749E+03
     0.293750E+03     0.293750E+03     0.300848E+03     0.307792E+03     0.314448E+03     0.320700E+03     0.326456E+03     0.331648E+03     0.336238E+03     0.340215E+03     0.343593E+03     0.346406E+03     0.348701E+03     0.350537E+03     0.351978E+03     0.353087E+03     0.353923E+03     0.354542E+03     0.354991E+03     0.355311E+03     0.355535E+03     0.355688E+03     0.355791E+03     0.355860E+03     0.355904E+03     0.355932E+03     0.355950E+03     0.355961E+03     0.355967E+03     0.355971E+03     0.355973E+03     0.355974E+03     0.355975E+03     0.355976E+03     0.355976E+03     0.355976E+03     0.355976E+03     0.355976E+03     0.355976E+03     0.355976E+03     0.355976E+03     0.355976E+03     0.355976E+03     0.355976E+03     0.355976E+03     0.355976E+03     0.355976E+03     0.355976E+03     0.355976E+03     0.355976E+03     0.355976E+03     0.355976E+03     0.355976E+03     0.355976E+03     0.355976E+03     0.355976E+03     0.355976E+03     0.355976E+03     0.355976E+03     0.355976E+03     0.355976E+03     0.355976E+03     0.355976E+03     0.355976E+03     0.355976E+03     0.355976E+03     0.355976E+03     0.355976E+03     0.355976E+03     0.355975E+03     0.355974E+03     0.355973E+03     0.355971E+03     0.355967E+03     0.355961E+03     0.355950E+03     0.355932E+03     0.355904E+03     0.355860E+03     0.355791E+03     0.355688E+03     0.355535E+03     0.355311E+03     0.354991E+03     0.354542E+03     0.353923E+03     0.353087E+03     0.351978E+03     0.350537E+03     0.348701E+03     0.346406E+03     0.343593E+03     0.340215E+03     0.336238E+03     0.331648E+03     0.326456E+03     0.320700E+03     0.314448E+03     0.307792E+03     0.300848E+03     0.293750E+03     0.293750E+03
