     0.356160E+03     0.293164E+03     0.293217E+03     0.293269E+03     0.293319E+03     0.293367E+03     0.293412E+03     0.293453E+03     0.293490E+03     0.293524E+03     0.293553E+03     0.293579E+03     0.293600E+03     0.293618E+03     0.293633E+03     0.293646E+03     0.293655E+03     0.293663E+03     0.293669E+03     0.293674E+03     0.293677E+03     0.293680E+03     0.293681E+03     0.293683E+03     0.293684E+03     0.293684E+03     0.293685E+03     0.293685E+03     0.293685E+03     0.293685E+03     0.293685E+03     0.293686E+03     0.293686E+03     0.293686E+03     0.293686E+03     0.293686E+03     0.293686E+03     0.293686E+03     0.293686E+03     0.293686E+03     0.293686E+03     0.293686E+03     0.293686E+03     0.293686E+03     0.293686E+03     0.293686E+03     0.293686E+03     0.293686E+03     0.293686E+03     0.293686E+03     0.293686E+03     0.293686E+03     0.293686E+03     0.293686E+03     0.293686E+03     0.293686E+03     0.293686E+03     0.293686E+03     0.293686E+03     0.293686E+03     0.293686E+03     0.293686E+03     0.293686E+03     0.293686E+03     0.293686E+03     0.293686E+03     0.293686E+03     0.293686E+03     0.293686E+03     0.293686E+03     0.293686E+03     0.293685E+03     0.293685E+03     0.293685E+03     0.293685E+03     0.293685E+03     0.293684E+03     0.293684E+03     0.293683E+03     0.293681E+03     0.293680E+03     0.293677E+03     0.293674E+03     0.293669E+03     0.293663E+03     0.293655E+03     0.293646E+03     0.293633E+03     0.293618E+03     0.293600E+03     0.293579E+03     0.293553E+03     0.293524E+03     0.293490E+03     0.293453E+03     0.293412E+03     0.293367E+03     0.293319E+03     0.293269E+03     0.293217E+03     0.293164E+03     0.356160E+03
     0.293164E+03     0.293164E+03     0.293217E+03     0.293269E+03     0.293319E+03     0.293367E+03     0.293412E+03     0.293453E+03     0.293490E+03     0.293524E+03     0.293553E+03     0.293579E+03     0.293600E+03     0.293618E+03     0.293633E+03     0.293646E+03     0.293655E+03     0.293663E+03     0.293669E+03     0.293674E+03     0.293677E+03     0.293680E+03     0.293681E+03     0.293683E+03     0.293684E+03     0.293684E+03     0.293685E+03     0.293685E+03     0.293685E+03     0.293685E+03     0.293685E+03     0.293686E+03     0.293686E+03     0.293686E+03     0.293686E+03     0.293686E+03     0.293686E+03     0.293686E+03     0.293686E+03     0.293686E+03     0.293686E+03     0.293686E+03     0.293686E+03     0.293686E+03     0.293686E+03     0.293686E+03     0.293686E+03     0.293686E+03     0.293686E+03     0.293686E+03     0.293686E+03     0.293686E+03     0.293686E+03     0.293686E+03     0.293686E+03     0.293686E+03     0.293686E+03     0.293686E+03     0.293686E+03     0.293686E+03     0.293686E+03     0.293686E+03     0.293686E+03     0.293686E+03     0.293686E+03     0.293686E+03     0.293686E+03     0.293686E+03     0.293686E+03     0.293686E+03     0.293686E+03     0.293685E+03     0.293685E+03     0.293685E+03     0.293685E+03     0.293685E+03     0.293684E+03     0.293684E+03     0.293683E+03     0.293681E+03     0.293680E+03     0.293677E+03     0.293674E+03     0.293669E+03     0.293663E+03     0.293655E+03     0.293646E+03     0.293633E+03     0.293618E+03     0.293600E+03     0.293579E+03     0.293553E+03     0.293524E+03     0.293490E+03     0.293453E+03     0.293412E+03     0.293367E+03     0.293319E+03     0.293269E+03     0.293217E+03     0.293164E+03     0.293164E+03
     0.293217E+03     0.293217E+03     0.293905E+03     0.294581E+03     0.295235E+03     0.295858E+03     0.296441E+03     0.296978E+03     0.297466E+03     0.297902E+03     0.298285E+03     0.298616E+03     0.298899E+03     0.299136E+03     0.299331E+03     0.299490E+03     0.299617E+03     0.299717E+03     0.299794E+03     0.299854E+03     0.299898E+03     0.299931E+03     0.299955E+03     0.299973E+03     0.299985E+03     0.299994E+03     0.299999E+03     0.300003E+03     0.300006E+03     0.300008E+03     0.300009E+03     0.300010E+03     0.300010E+03     0.300010E+03     0.300011E+03     0.300011E+03     0.300011E+03     0.300011E+03     0.300011E+03     0.300011E+03     0.300011E+03     0.300011E+03     0.300011E+03     0.300011E+03     0.300011E+03     0.300011E+03     0.300011E+03     0.300011E+03     0.300011E+03     0.300011E+03     0.300011E+03     0.300011E+03     0.300011E+03     0.300011E+03     0.300011E+03     0.300011E+03     0.300011E+03     0.300011E+03     0.300011E+03     0.300011E+03     0.300011E+03     0.300011E+03     0.300011E+03     0.300011E+03     0.300011E+03     0.300011E+03     0.300011E+03     0.300011E+03     0.300010E+03     0.300010E+03     0.300010E+03     0.300009E+03     0.300008E+03     0.300006E+03     0.300003E+03     0.299999E+03     0.299994E+03     0.299985E+03     0.299973E+03     0.299955E+03     0.299931E+03     0.299898E+03     0.299854E+03     0.299794E+03     0.299717E+03     0.299617E+03     0.299490E+03     0.299331E+03     0.299136E+03     0.298899E+03     0.298616E+03     0.298285E+03     0.297902E+03     0.297466E+03     0.296978E+03     0.296441E+03     0.295858E+03     0.295235E+03     0.294581E+03     0.293905E+03     0.293217E+03     0.293217E+03
     0.293269E+03     0.293269E+03     0.294581E+03     0.295871E+03     0.297118E+03     0.298305E+03     0.299418E+03     0.300443E+03     0.301374E+03     0.302205E+03     0.302935E+03     0.303568E+03     0.304106E+03     0.304558E+03     0.304930E+03     0.305233E+03     0.305476E+03     0.305666E+03     0.305815E+03     0.305928E+03     0.306013E+03     0.306076E+03     0.306122E+03     0.306155E+03     0.306178E+03     0.306194E+03     0.306206E+03     0.306213E+03     0.306218E+03     0.306222E+03     0.306224E+03     0.306225E+03     0.306226E+03     0.306227E+03     0.306227E+03     0.306227E+03     0.306227E+03     0.306227E+03     0.306227E+03     0.306227E+03     0.306227E+03     0.306227E+03     0.306227E+03     0.306227E+03     0.306227E+03     0.306227E+03     0.306227E+03     0.306227E+03     0.306227E+03     0.306227E+03     0.306227E+03     0.306227E+03     0.306227E+03     0.306227E+03     0.306227E+03     0.306227E+03     0.306227E+03     0.306227E+03     0.306227E+03     0.306227E+03     0.306227E+03     0.306227E+03     0.306227E+03     0.306227E+03     0.306227E+03     0.306227E+03     0.306227E+03     0.306227E+03     0.306227E+03     0.306226E+03     0.306225E+03     0.306224E+03     0.306222E+03     0.306218E+03     0.306213E+03     0.306206E+03     0.306194E+03     0.306178E+03     0.306155E+03     0.306122E+03     0.306076E+03     0.306013E+03     0.305928E+03     0.305815E+03     0.305666E+03     0.305476E+03     0.305233E+03     0.304930E+03     0.304558E+03     0.304106E+03     0.303568E+03     0.302935E+03     0.302205E+03     0.301374E+03     0.300443E+03     0.299418E+03     0.298305E+03     0.297118E+03     0.295871E+03     0.294581E+03     0.293269E+03     0.293269E+03
     0.293319E+03     0.293319E+03     0.295235E+03     0.297118E+03     0.298939E+03     0.300673E+03     0.302297E+03     0.303794E+03     0.305153E+03     0.306367E+03     0.307434E+03     0.308357E+03     0.309143E+03     0.309802E+03     0.310347E+03     0.310789E+03     0.311143E+03     0.311421E+03     0.311637E+03     0.311803E+03     0.311927E+03     0.312019E+03     0.312086E+03     0.312134E+03     0.312168E+03     0.312192E+03     0.312209E+03     0.312220E+03     0.312227E+03     0.312232E+03     0.312235E+03     0.312237E+03     0.312238E+03     0.312239E+03     0.312240E+03     0.312240E+03     0.312240E+03     0.312240E+03     0.312240E+03     0.312240E+03     0.312240E+03     0.312240E+03     0.312240E+03     0.312240E+03     0.312240E+03     0.312240E+03     0.312240E+03     0.312240E+03     0.312240E+03     0.312240E+03     0.312240E+03     0.312240E+03     0.312240E+03     0.312240E+03     0.312240E+03     0.312240E+03     0.312240E+03     0.312240E+03     0.312240E+03     0.312240E+03     0.312240E+03     0.312240E+03     0.312240E+03     0.312240E+03     0.312240E+03     0.312240E+03     0.312240E+03     0.312240E+03     0.312239E+03     0.312238E+03     0.312237E+03     0.312235E+03     0.312232E+03     0.312227E+03     0.312220E+03     0.312209E+03     0.312192E+03     0.312168E+03     0.312134E+03     0.312086E+03     0.312019E+03     0.311927E+03     0.311803E+03     0.311637E+03     0.311421E+03     0.311143E+03     0.310789E+03     0.310347E+03     0.309802E+03     0.309143E+03     0.308357E+03     0.307434E+03     0.306367E+03     0.305153E+03     0.303794E+03     0.302297E+03     0.300673E+03     0.298939E+03     0.297118E+03     0.295235E+03     0.293319E+03     0.293319E+03
     0.293367E+03     0.293367E+03     0.295858E+03     0.298305E+03     0.300673E+03     0.302927E+03     0.305038E+03     0.306984E+03     0.308751E+03     0.310328E+03     0.311715E+03     0.312915E+03     0.313938E+03     0.314795E+03     0.315502E+03     0.316077E+03     0.316537E+03     0.316899E+03     0.317180E+03     0.317395E+03     0.317557E+03     0.317676E+03     0.317763E+03     0.317826E+03     0.317871E+03     0.317902E+03     0.317923E+03     0.317937E+03     0.317947E+03     0.317953E+03     0.317957E+03     0.317960E+03     0.317962E+03     0.317963E+03     0.317963E+03     0.317964E+03     0.317964E+03     0.317964E+03     0.317964E+03     0.317964E+03     0.317964E+03     0.317964E+03     0.317964E+03     0.317964E+03     0.317964E+03     0.317964E+03     0.317964E+03     0.317964E+03     0.317964E+03     0.317964E+03     0.317964E+03     0.317964E+03     0.317964E+03     0.317964E+03     0.317964E+03     0.317964E+03     0.317964E+03     0.317964E+03     0.317964E+03     0.317964E+03     0.317964E+03     0.317964E+03     0.317964E+03     0.317964E+03     0.317964E+03     0.317964E+03     0.317964E+03     0.317963E+03     0.317963E+03     0.317962E+03     0.317960E+03     0.317957E+03     0.317953E+03     0.317947E+03     0.317937E+03     0.317923E+03     0.317902E+03     0.317871E+03     0.317826E+03     0.317763E+03     0.317676E+03     0.317557E+03     0.317395E+03     0.317180E+03     0.316899E+03     0.316537E+03     0.316077E+03     0.315502E+03     0.314795E+03     0.313938E+03     0.312915E+03     0.311715E+03     0.310328E+03     0.308751E+03     0.306984E+03     0.305038E+03     0.302927E+03     0.300673E+03     0.298305E+03     0.295858E+03     0.293367E+03     0.293367E+03
     0.293412E+03     0.293412E+03     0.296441E+03     0.299418E+03     0.302297E+03     0.305038E+03     0.307605E+03     0.309973E+03     0.312121E+03     0.314040E+03     0.315727E+03     0.317186E+03     0.318429E+03     0.319472E+03     0.320332E+03     0.321031E+03     0.321591E+03     0.322032E+03     0.322373E+03     0.322634E+03     0.322831E+03     0.322976E+03     0.323082E+03     0.323159E+03     0.323213E+03     0.323250E+03     0.323276E+03     0.323294E+03     0.323306E+03     0.323313E+03     0.323318E+03     0.323322E+03     0.323324E+03     0.323325E+03     0.323326E+03     0.323326E+03     0.323326E+03     0.323326E+03     0.323327E+03     0.323327E+03     0.323327E+03     0.323327E+03     0.323327E+03     0.323327E+03     0.323327E+03     0.323327E+03     0.323327E+03     0.323327E+03     0.323327E+03     0.323327E+03     0.323327E+03     0.323327E+03     0.323327E+03     0.323327E+03     0.323327E+03     0.323327E+03     0.323327E+03     0.323327E+03     0.323327E+03     0.323327E+03     0.323327E+03     0.323327E+03     0.323327E+03     0.323327E+03     0.323326E+03     0.323326E+03     0.323326E+03     0.323326E+03     0.323325E+03     0.323324E+03     0.323322E+03     0.323318E+03     0.323313E+03     0.323306E+03     0.323294E+03     0.323276E+03     0.323250E+03     0.323213E+03     0.323159E+03     0.323082E+03     0.322976E+03     0.322831E+03     0.322634E+03     0.322373E+03     0.322032E+03     0.321591E+03     0.321031E+03     0.320332E+03     0.319472E+03     0.318429E+03     0.317186E+03     0.315727E+03     0.314040E+03     0.312121E+03     0.309973E+03     0.307605E+03     0.305038E+03     0.302297E+03     0.299418E+03     0.296441E+03     0.293412E+03     0.293412E+03
     0.293453E+03     0.293453E+03     0.296978E+03     0.300443E+03     0.303794E+03     0.306984E+03     0.309973E+03     0.312728E+03     0.315229E+03     0.317462E+03     0.319425E+03     0.321124E+03     0.322571E+03     0.323784E+03     0.324786E+03     0.325600E+03     0.326251E+03     0.326764E+03     0.327161E+03     0.327465E+03     0.327694E+03     0.327863E+03     0.327987E+03     0.328076E+03     0.328139E+03     0.328182E+03     0.328213E+03     0.328233E+03     0.328247E+03     0.328256E+03     0.328261E+03     0.328265E+03     0.328267E+03     0.328269E+03     0.328270E+03     0.328270E+03     0.328271E+03     0.328271E+03     0.328271E+03     0.328271E+03     0.328271E+03     0.328271E+03     0.328271E+03     0.328271E+03     0.328271E+03     0.328271E+03     0.328271E+03     0.328271E+03     0.328271E+03     0.328271E+03     0.328271E+03     0.328271E+03     0.328271E+03     0.328271E+03     0.328271E+03     0.328271E+03     0.328271E+03     0.328271E+03     0.328271E+03     0.328271E+03     0.328271E+03     0.328271E+03     0.328271E+03     0.328271E+03     0.328271E+03     0.328271E+03     0.328270E+03     0.328270E+03     0.328269E+03     0.328267E+03     0.328265E+03     0.328261E+03     0.328256E+03     0.328247E+03     0.328233E+03     0.328213E+03     0.328182E+03     0.328139E+03     0.328076E+03     0.327987E+03     0.327863E+03     0.327694E+03     0.327465E+03     0.327161E+03     0.326764E+03     0.326251E+03     0.325600E+03     0.324786E+03     0.323784E+03     0.322571E+03     0.321124E+03     0.319425E+03     0.317462E+03     0.315229E+03     0.312728E+03     0.309973E+03     0.306984E+03     0.303794E+03     0.300443E+03     0.296978E+03     0.293453E+03     0.293453E+03
     0.293490E+03     0.293490E+03     0.297466E+03     0.301374E+03     0.305153E+03     0.308751E+03     0.312121E+03     0.315229E+03     0.318049E+03     0.320567E+03     0.322781E+03     0.324697E+03     0.326329E+03     0.327698E+03     0.328827E+03     0.329745E+03     0.330479E+03     0.331058E+03     0.331506E+03     0.331849E+03     0.332107E+03     0.332298E+03     0.332437E+03     0.332538E+03     0.332609E+03     0.332658E+03     0.332692E+03     0.332715E+03     0.332730E+03     0.332741E+03     0.332747E+03     0.332751E+03     0.332754E+03     0.332756E+03     0.332757E+03     0.332757E+03     0.332758E+03     0.332758E+03     0.332758E+03     0.332758E+03     0.332758E+03     0.332758E+03     0.332758E+03     0.332758E+03     0.332758E+03     0.332758E+03     0.332758E+03     0.332758E+03     0.332758E+03     0.332758E+03     0.332758E+03     0.332758E+03     0.332758E+03     0.332758E+03     0.332758E+03     0.332758E+03     0.332758E+03     0.332758E+03     0.332758E+03     0.332758E+03     0.332758E+03     0.332758E+03     0.332758E+03     0.332758E+03     0.332758E+03     0.332758E+03     0.332757E+03     0.332757E+03     0.332756E+03     0.332754E+03     0.332751E+03     0.332747E+03     0.332741E+03     0.332730E+03     0.332715E+03     0.332692E+03     0.332658E+03     0.332609E+03     0.332538E+03     0.332437E+03     0.332298E+03     0.332107E+03     0.331849E+03     0.331506E+03     0.331058E+03     0.330479E+03     0.329745E+03     0.328827E+03     0.327698E+03     0.326329E+03     0.324697E+03     0.322781E+03     0.320567E+03     0.318049E+03     0.315229E+03     0.312121E+03     0.308751E+03     0.305153E+03     0.301374E+03     0.297466E+03     0.293490E+03     0.293490E+03
     0.293524E+03     0.293524E+03     0.297902E+03     0.302205E+03     0.306367E+03     0.310328E+03     0.314040E+03     0.317462E+03     0.320567E+03     0.323341E+03     0.325779E+03     0.327889E+03     0.329686E+03     0.331193E+03     0.332437E+03     0.333448E+03     0.334256E+03     0.334893E+03     0.335387E+03     0.335765E+03     0.336049E+03     0.336259E+03     0.336413E+03     0.336523E+03     0.336601E+03     0.336656E+03     0.336693E+03     0.336718E+03     0.336735E+03     0.336747E+03     0.336754E+03     0.336758E+03     0.336761E+03     0.336763E+03     0.336764E+03     0.336765E+03     0.336765E+03     0.336765E+03     0.336766E+03     0.336766E+03     0.336766E+03     0.336766E+03     0.336766E+03     0.336766E+03     0.336766E+03     0.336766E+03     0.336766E+03     0.336766E+03     0.336766E+03     0.336766E+03     0.336766E+03     0.336766E+03     0.336766E+03     0.336766E+03     0.336766E+03     0.336766E+03     0.336766E+03     0.336766E+03     0.336766E+03     0.336766E+03     0.336766E+03     0.336766E+03     0.336766E+03     0.336766E+03     0.336765E+03     0.336765E+03     0.336765E+03     0.336764E+03     0.336763E+03     0.336761E+03     0.336758E+03     0.336754E+03     0.336747E+03     0.336735E+03     0.336718E+03     0.336693E+03     0.336656E+03     0.336601E+03     0.336523E+03     0.336413E+03     0.336259E+03     0.336049E+03     0.335765E+03     0.335387E+03     0.334893E+03     0.334256E+03     0.333448E+03     0.332437E+03     0.331193E+03     0.329686E+03     0.327889E+03     0.325779E+03     0.323341E+03     0.320567E+03     0.317462E+03     0.314040E+03     0.310328E+03     0.306367E+03     0.302205E+03     0.297902E+03     0.293524E+03     0.293524E+03
     0.293553E+03     0.293553E+03     0.298285E+03     0.302935E+03     0.307434E+03     0.311715E+03     0.315727E+03     0.319425E+03     0.322781E+03     0.325779E+03     0.328414E+03     0.330695E+03     0.332637E+03     0.334266E+03     0.335610E+03     0.336703E+03     0.337577E+03     0.338265E+03     0.338799E+03     0.339207E+03     0.339514E+03     0.339741E+03     0.339907E+03     0.340027E+03     0.340111E+03     0.340170E+03     0.340211E+03     0.340238E+03     0.340256E+03     0.340268E+03     0.340276E+03     0.340281E+03     0.340284E+03     0.340286E+03     0.340287E+03     0.340288E+03     0.340289E+03     0.340289E+03     0.340289E+03     0.340289E+03     0.340289E+03     0.340289E+03     0.340289E+03     0.340289E+03     0.340289E+03     0.340289E+03     0.340289E+03     0.340289E+03     0.340289E+03     0.340289E+03     0.340289E+03     0.340289E+03     0.340289E+03     0.340289E+03     0.340289E+03     0.340289E+03     0.340289E+03     0.340289E+03     0.340289E+03     0.340289E+03     0.340289E+03     0.340289E+03     0.340289E+03     0.340289E+03     0.340289E+03     0.340289E+03     0.340288E+03     0.340287E+03     0.340286E+03     0.340284E+03     0.340281E+03     0.340276E+03     0.340268E+03     0.340256E+03     0.340238E+03     0.340211E+03     0.340170E+03     0.340111E+03     0.340027E+03     0.339907E+03     0.339741E+03     0.339514E+03     0.339207E+03     0.338799E+03     0.338265E+03     0.337577E+03     0.336703E+03     0.335610E+03     0.334266E+03     0.332637E+03     0.330695E+03     0.328414E+03     0.325779E+03     0.322781E+03     0.319425E+03     0.315727E+03     0.311715E+03     0.307434E+03     0.302935E+03     0.298285E+03     0.293553E+03     0.293553E+03
     0.293579E+03     0.293579E+03     0.298616E+03     0.303568E+03     0.308357E+03     0.312915E+03     0.317186E+03     0.321124E+03     0.324697E+03     0.327889E+03     0.330695E+03     0.333123E+03     0.335191E+03     0.336925E+03     0.338356E+03     0.339519E+03     0.340450E+03     0.341183E+03     0.341752E+03     0.342186E+03     0.342513E+03     0.342755E+03     0.342932E+03     0.343059E+03     0.343148E+03     0.343211E+03     0.343254E+03     0.343284E+03     0.343303E+03     0.343316E+03     0.343324E+03     0.343329E+03     0.343333E+03     0.343335E+03     0.343336E+03     0.343337E+03     0.343337E+03     0.343338E+03     0.343338E+03     0.343338E+03     0.343338E+03     0.343338E+03     0.343338E+03     0.343338E+03     0.343338E+03     0.343338E+03     0.343338E+03     0.343338E+03     0.343338E+03     0.343338E+03     0.343338E+03     0.343338E+03     0.343338E+03     0.343338E+03     0.343338E+03     0.343338E+03     0.343338E+03     0.343338E+03     0.343338E+03     0.343338E+03     0.343338E+03     0.343338E+03     0.343338E+03     0.343338E+03     0.343338E+03     0.343337E+03     0.343337E+03     0.343336E+03     0.343335E+03     0.343333E+03     0.343329E+03     0.343324E+03     0.343316E+03     0.343303E+03     0.343284E+03     0.343254E+03     0.343211E+03     0.343148E+03     0.343059E+03     0.342932E+03     0.342755E+03     0.342513E+03     0.342186E+03     0.341752E+03     0.341183E+03     0.340450E+03     0.339519E+03     0.338356E+03     0.336925E+03     0.335191E+03     0.333123E+03     0.330695E+03     0.327889E+03     0.324697E+03     0.321124E+03     0.317186E+03     0.312915E+03     0.308357E+03     0.303568E+03     0.298616E+03     0.293579E+03     0.293579E+03
     0.293600E+03     0.293600E+03     0.298899E+03     0.304106E+03     0.309143E+03     0.313938E+03     0.318429E+03     0.322571E+03     0.326329E+03     0.329686E+03     0.332637E+03     0.335191E+03     0.337366E+03     0.339190E+03     0.340695E+03     0.341919E+03     0.342897E+03     0.343668E+03     0.344267E+03     0.344723E+03     0.345067E+03     0.345322E+03     0.345508E+03     0.345641E+03     0.345736E+03     0.345802E+03     0.345847E+03     0.345878E+03     0.345898E+03     0.345912E+03     0.345920E+03     0.345926E+03     0.345930E+03     0.345932E+03     0.345933E+03     0.345934E+03     0.345934E+03     0.345935E+03     0.345935E+03     0.345935E+03     0.345935E+03     0.345935E+03     0.345935E+03     0.345935E+03     0.345935E+03     0.345935E+03     0.345935E+03     0.345935E+03     0.345935E+03     0.345935E+03     0.345935E+03     0.345935E+03     0.345935E+03     0.345935E+03     0.345935E+03     0.345935E+03     0.345935E+03     0.345935E+03     0.345935E+03     0.345935E+03     0.345935E+03     0.345935E+03     0.345935E+03     0.345935E+03     0.345935E+03     0.345934E+03     0.345934E+03     0.345933E+03     0.345932E+03     0.345930E+03     0.345926E+03     0.345920E+03     0.345912E+03     0.345898E+03     0.345878E+03     0.345847E+03     0.345802E+03     0.345736E+03     0.345641E+03     0.345508E+03     0.345322E+03     0.345067E+03     0.344723E+03     0.344267E+03     0.343668E+03     0.342897E+03     0.341919E+03     0.340695E+03     0.339190E+03     0.337366E+03     0.335191E+03     0.332637E+03     0.329686E+03     0.326329E+03     0.322571E+03     0.318429E+03     0.313938E+03     0.309143E+03     0.304106E+03     0.298899E+03     0.293600E+03     0.293600E+03
     0.293618E+03     0.293618E+03     0.299135E+03     0.304558E+03     0.309802E+03     0.314795E+03     0.319472E+03     0.323784E+03     0.327698E+03     0.331193E+03     0.334266E+03     0.336925E+03     0.339190E+03     0.341089E+03     0.342656E+03     0.343930E+03     0.344949E+03     0.345752E+03     0.346375E+03     0.346851E+03     0.347209E+03     0.347474E+03     0.347667E+03     0.347806E+03     0.347905E+03     0.347974E+03     0.348021E+03     0.348053E+03     0.348074E+03     0.348088E+03     0.348097E+03     0.348103E+03     0.348107E+03     0.348109E+03     0.348111E+03     0.348111E+03     0.348112E+03     0.348112E+03     0.348112E+03     0.348113E+03     0.348113E+03     0.348113E+03     0.348113E+03     0.348113E+03     0.348113E+03     0.348113E+03     0.348113E+03     0.348113E+03     0.348113E+03     0.348113E+03     0.348113E+03     0.348113E+03     0.348113E+03     0.348113E+03     0.348113E+03     0.348113E+03     0.348113E+03     0.348113E+03     0.348113E+03     0.348113E+03     0.348113E+03     0.348113E+03     0.348113E+03     0.348112E+03     0.348112E+03     0.348112E+03     0.348111E+03     0.348111E+03     0.348109E+03     0.348107E+03     0.348103E+03     0.348097E+03     0.348088E+03     0.348074E+03     0.348053E+03     0.348021E+03     0.347974E+03     0.347905E+03     0.347806E+03     0.347667E+03     0.347474E+03     0.347209E+03     0.346851E+03     0.346375E+03     0.345752E+03     0.344949E+03     0.343930E+03     0.342656E+03     0.341089E+03     0.339190E+03     0.336925E+03     0.334266E+03     0.331193E+03     0.327698E+03     0.323784E+03     0.319472E+03     0.314795E+03     0.309802E+03     0.304558E+03     0.299135E+03     0.293618E+03     0.293618E+03
     0.293633E+03     0.293633E+03     0.299331E+03     0.304930E+03     0.310346E+03     0.315502E+03     0.320332E+03     0.324786E+03     0.328827E+03     0.332437E+03     0.335610E+03     0.338356E+03     0.340695E+03     0.342656E+03     0.344275E+03     0.345591E+03     0.346643E+03     0.347472E+03     0.348116E+03     0.348607E+03     0.348977E+03     0.349250E+03     0.349450E+03     0.349594E+03     0.349696E+03     0.349767E+03     0.349815E+03     0.349848E+03     0.349870E+03     0.349885E+03     0.349894E+03     0.349900E+03     0.349904E+03     0.349906E+03     0.349908E+03     0.349909E+03     0.349909E+03     0.349910E+03     0.349910E+03     0.349910E+03     0.349910E+03     0.349910E+03     0.349910E+03     0.349910E+03     0.349910E+03     0.349910E+03     0.349910E+03     0.349910E+03     0.349910E+03     0.349910E+03     0.349910E+03     0.349910E+03     0.349910E+03     0.349910E+03     0.349910E+03     0.349910E+03     0.349910E+03     0.349910E+03     0.349910E+03     0.349910E+03     0.349910E+03     0.349910E+03     0.349910E+03     0.349910E+03     0.349910E+03     0.349909E+03     0.349909E+03     0.349908E+03     0.349906E+03     0.349904E+03     0.349900E+03     0.349894E+03     0.349885E+03     0.349870E+03     0.349848E+03     0.349815E+03     0.349767E+03     0.349696E+03     0.349594E+03     0.349450E+03     0.349250E+03     0.348977E+03     0.348607E+03     0.348116E+03     0.347472E+03     0.346643E+03     0.345591E+03     0.344275E+03     0.342656E+03     0.340695E+03     0.338356E+03     0.335610E+03     0.332437E+03     0.328827E+03     0.324786E+03     0.320332E+03     0.315502E+03     0.310346E+03     0.304930E+03     0.299331E+03     0.293633E+03     0.293633E+03
     0.293646E+03     0.293646E+03     0.299490E+03     0.305233E+03     0.310789E+03     0.316077E+03     0.321031E+03     0.325599E+03     0.329745E+03     0.333447E+03     0.336702E+03     0.339519E+03     0.341918E+03     0.343930E+03     0.345590E+03     0.346940E+03     0.348019E+03     0.348870E+03     0.349530E+03     0.350034E+03     0.350413E+03     0.350694E+03     0.350899E+03     0.351046E+03     0.351151E+03     0.351223E+03     0.351273E+03     0.351307E+03     0.351330E+03     0.351345E+03     0.351354E+03     0.351361E+03     0.351364E+03     0.351367E+03     0.351368E+03     0.351369E+03     0.351370E+03     0.351370E+03     0.351370E+03     0.351370E+03     0.351370E+03     0.351371E+03     0.351371E+03     0.351371E+03     0.351371E+03     0.351371E+03     0.351371E+03     0.351371E+03     0.351371E+03     0.351371E+03     0.351371E+03     0.351371E+03     0.351371E+03     0.351371E+03     0.351371E+03     0.351371E+03     0.351371E+03     0.351371E+03     0.351371E+03     0.351371E+03     0.351371E+03     0.351370E+03     0.351370E+03     0.351370E+03     0.351370E+03     0.351370E+03     0.351369E+03     0.351368E+03     0.351367E+03     0.351364E+03     0.351361E+03     0.351354E+03     0.351345E+03     0.351330E+03     0.351307E+03     0.351273E+03     0.351223E+03     0.351151E+03     0.351046E+03     0.350899E+03     0.350694E+03     0.350413E+03     0.350034E+03     0.349530E+03     0.348870E+03     0.348019E+03     0.346940E+03     0.345590E+03     0.343930E+03     0.341918E+03     0.339519E+03     0.336702E+03     0.333447E+03     0.329745E+03     0.325599E+03     0.321031E+03     0.316077E+03     0.310789E+03     0.305233E+03     0.299490E+03     0.293646E+03     0.293646E+03
     0.293655E+03     0.293655E+03     0.299617E+03     0.305475E+03     0.311142E+03     0.316537E+03     0.321590E+03     0.326250E+03     0.330478E+03     0.334255E+03     0.337576E+03     0.340449E+03     0.342896E+03     0.344948E+03     0.346642E+03     0.348019E+03     0.349120E+03     0.349988E+03     0.350661E+03     0.351175E+03     0.351562E+03     0.351848E+03     0.352058E+03     0.352208E+03     0.352314E+03     0.352389E+03     0.352440E+03     0.352474E+03     0.352497E+03     0.352513E+03     0.352522E+03     0.352529E+03     0.352533E+03     0.352535E+03     0.352537E+03     0.352538E+03     0.352538E+03     0.352538E+03     0.352539E+03     0.352539E+03     0.352539E+03     0.352539E+03     0.352539E+03     0.352539E+03     0.352539E+03     0.352539E+03     0.352539E+03     0.352539E+03     0.352539E+03     0.352539E+03     0.352539E+03     0.352539E+03     0.352539E+03     0.352539E+03     0.352539E+03     0.352539E+03     0.352539E+03     0.352539E+03     0.352539E+03     0.352539E+03     0.352539E+03     0.352539E+03     0.352539E+03     0.352539E+03     0.352538E+03     0.352538E+03     0.352538E+03     0.352537E+03     0.352535E+03     0.352533E+03     0.352529E+03     0.352522E+03     0.352513E+03     0.352497E+03     0.352474E+03     0.352440E+03     0.352389E+03     0.352314E+03     0.352208E+03     0.352058E+03     0.351848E+03     0.351562E+03     0.351175E+03     0.350661E+03     0.349988E+03     0.349120E+03     0.348019E+03     0.346642E+03     0.344948E+03     0.342896E+03     0.340449E+03     0.337576E+03     0.334255E+03     0.330478E+03     0.326250E+03     0.321590E+03     0.316537E+03     0.311142E+03     0.305475E+03     0.299617E+03     0.293655E+03     0.293655E+03
     0.293663E+03     0.293663E+03     0.299717E+03     0.305666E+03     0.311421E+03     0.316898E+03     0.322030E+03     0.326762E+03     0.331056E+03     0.334892E+03     0.338264E+03     0.341181E+03     0.343667E+03     0.345751E+03     0.347471E+03     0.348869E+03     0.349987E+03     0.350868E+03     0.351552E+03     0.352074E+03     0.352467E+03     0.352758E+03     0.352970E+03     0.353123E+03     0.353231E+03     0.353306E+03     0.353358E+03     0.353393E+03     0.353417E+03     0.353432E+03     0.353442E+03     0.353448E+03     0.353452E+03     0.353455E+03     0.353456E+03     0.353457E+03     0.353458E+03     0.353458E+03     0.353458E+03     0.353459E+03     0.353459E+03     0.353459E+03     0.353459E+03     0.353459E+03     0.353459E+03     0.353459E+03     0.353459E+03     0.353459E+03     0.353459E+03     0.353459E+03     0.353459E+03     0.353459E+03     0.353459E+03     0.353459E+03     0.353459E+03     0.353459E+03     0.353459E+03     0.353459E+03     0.353459E+03     0.353459E+03     0.353459E+03     0.353459E+03     0.353459E+03     0.353458E+03     0.353458E+03     0.353458E+03     0.353457E+03     0.353456E+03     0.353455E+03     0.353452E+03     0.353448E+03     0.353442E+03     0.353432E+03     0.353417E+03     0.353393E+03     0.353358E+03     0.353306E+03     0.353231E+03     0.353123E+03     0.352970E+03     0.352758E+03     0.352467E+03     0.352074E+03     0.351552E+03     0.350868E+03     0.349987E+03     0.348869E+03     0.347471E+03     0.345751E+03     0.343667E+03     0.341181E+03     0.338264E+03     0.334892E+03     0.331056E+03     0.326762E+03     0.322030E+03     0.316898E+03     0.311421E+03     0.305666E+03     0.299717E+03     0.293663E+03     0.293663E+03
     0.293669E+03     0.293669E+03     0.299794E+03     0.305814E+03     0.311636E+03     0.317179E+03     0.322371E+03     0.327159E+03     0.331504E+03     0.335385E+03     0.338796E+03     0.341749E+03     0.344263E+03     0.346372E+03     0.348112E+03     0.349527E+03     0.350659E+03     0.351550E+03     0.352242E+03     0.352770E+03     0.353168E+03     0.353462E+03     0.353677E+03     0.353831E+03     0.353941E+03     0.354017E+03     0.354069E+03     0.354105E+03     0.354129E+03     0.354144E+03     0.354154E+03     0.354161E+03     0.354165E+03     0.354168E+03     0.354169E+03     0.354170E+03     0.354171E+03     0.354171E+03     0.354171E+03     0.354171E+03     0.354171E+03     0.354171E+03     0.354171E+03     0.354171E+03     0.354171E+03     0.354171E+03     0.354171E+03     0.354171E+03     0.354171E+03     0.354171E+03     0.354171E+03     0.354171E+03     0.354171E+03     0.354171E+03     0.354171E+03     0.354171E+03     0.354171E+03     0.354171E+03     0.354171E+03     0.354171E+03     0.354171E+03     0.354171E+03     0.354171E+03     0.354171E+03     0.354171E+03     0.354171E+03     0.354170E+03     0.354169E+03     0.354168E+03     0.354165E+03     0.354161E+03     0.354154E+03     0.354144E+03     0.354129E+03     0.354105E+03     0.354069E+03     0.354017E+03     0.353941E+03     0.353831E+03     0.353677E+03     0.353462E+03     0.353168E+03     0.352770E+03     0.352242E+03     0.351550E+03     0.350659E+03     0.349527E+03     0.348112E+03     0.346372E+03     0.344263E+03     0.341749E+03     0.338796E+03     0.335385E+03     0.331504E+03     0.327159E+03     0.322371E+03     0.317179E+03     0.311636E+03     0.305814E+03     0.299794E+03     0.293669E+03     0.293669E+03
     0.293673E+03     0.293673E+03     0.299853E+03     0.305926E+03     0.311801E+03     0.317392E+03     0.322631E+03     0.327462E+03     0.331845E+03     0.335760E+03     0.339202E+03     0.342181E+03     0.344718E+03     0.346845E+03     0.348601E+03     0.350029E+03     0.351170E+03     0.352070E+03     0.352768E+03     0.353301E+03     0.353702E+03     0.353999E+03     0.354215E+03     0.354371E+03     0.354482E+03     0.354559E+03     0.354612E+03     0.354647E+03     0.354671E+03     0.354687E+03     0.354697E+03     0.354704E+03     0.354708E+03     0.354711E+03     0.354712E+03     0.354713E+03     0.354714E+03     0.354714E+03     0.354714E+03     0.354714E+03     0.354714E+03     0.354714E+03     0.354714E+03     0.354714E+03     0.354714E+03     0.354714E+03     0.354714E+03     0.354714E+03     0.354714E+03     0.354714E+03     0.354714E+03     0.354714E+03     0.354714E+03     0.354714E+03     0.354714E+03     0.354714E+03     0.354714E+03     0.354714E+03     0.354714E+03     0.354714E+03     0.354714E+03     0.354714E+03     0.354714E+03     0.354714E+03     0.354714E+03     0.354714E+03     0.354713E+03     0.354712E+03     0.354711E+03     0.354708E+03     0.354704E+03     0.354697E+03     0.354687E+03     0.354671E+03     0.354647E+03     0.354612E+03     0.354559E+03     0.354482E+03     0.354371E+03     0.354215E+03     0.353999E+03     0.353702E+03     0.353301E+03     0.352768E+03     0.352070E+03     0.351170E+03     0.350029E+03     0.348601E+03     0.346845E+03     0.344718E+03     0.342181E+03     0.339202E+03     0.335760E+03     0.331845E+03     0.327462E+03     0.322631E+03     0.317392E+03     0.311801E+03     0.305926E+03     0.299853E+03     0.293673E+03     0.293673E+03
     0.293677E+03     0.293677E+03     0.299897E+03     0.306010E+03     0.311924E+03     0.317552E+03     0.322826E+03     0.327688E+03     0.332100E+03     0.336041E+03     0.339506E+03     0.342504E+03     0.345058E+03     0.347200E+03     0.348967E+03     0.350404E+03     0.351553E+03     0.352459E+03     0.353161E+03     0.353698E+03     0.354101E+03     0.354400E+03     0.354618E+03     0.354775E+03     0.354886E+03     0.354964E+03     0.355017E+03     0.355053E+03     0.355077E+03     0.355093E+03     0.355104E+03     0.355110E+03     0.355114E+03     0.355117E+03     0.355118E+03     0.355119E+03     0.355120E+03     0.355120E+03     0.355120E+03     0.355121E+03     0.355121E+03     0.355121E+03     0.355121E+03     0.355121E+03     0.355121E+03     0.355121E+03     0.355121E+03     0.355121E+03     0.355121E+03     0.355121E+03     0.355121E+03     0.355121E+03     0.355121E+03     0.355121E+03     0.355121E+03     0.355121E+03     0.355121E+03     0.355121E+03     0.355121E+03     0.355121E+03     0.355121E+03     0.355121E+03     0.355121E+03     0.355120E+03     0.355120E+03     0.355120E+03     0.355119E+03     0.355118E+03     0.355117E+03     0.355114E+03     0.355110E+03     0.355104E+03     0.355093E+03     0.355077E+03     0.355053E+03     0.355017E+03     0.354964E+03     0.354886E+03     0.354775E+03     0.354618E+03     0.354400E+03     0.354101E+03     0.353698E+03     0.353161E+03     0.352459E+03     0.351553E+03     0.350404E+03     0.348967E+03     0.347200E+03     0.345058E+03     0.342504E+03     0.339506E+03     0.336041E+03     0.332100E+03     0.327688E+03     0.322826E+03     0.317552E+03     0.311924E+03     0.306010E+03     0.299897E+03     0.293677E+03     0.293677E+03
     0.293679E+03     0.293679E+03     0.299929E+03     0.306072E+03     0.312014E+03     0.317669E+03     0.322968E+03     0.327854E+03     0.332287E+03     0.336247E+03     0.339729E+03     0.342741E+03     0.345307E+03     0.347459E+03     0.349235E+03     0.350679E+03     0.351833E+03     0.352743E+03     0.353449E+03     0.353988E+03     0.354394E+03     0.354694E+03     0.354913E+03     0.355071E+03     0.355183E+03     0.355261E+03     0.355314E+03     0.355350E+03     0.355375E+03     0.355391E+03     0.355401E+03     0.355407E+03     0.355412E+03     0.355414E+03     0.355416E+03     0.355417E+03     0.355417E+03     0.355418E+03     0.355418E+03     0.355418E+03     0.355418E+03     0.355418E+03     0.355418E+03     0.355418E+03     0.355418E+03     0.355418E+03     0.355418E+03     0.355418E+03     0.355418E+03     0.355418E+03     0.355418E+03     0.355418E+03     0.355418E+03     0.355418E+03     0.355418E+03     0.355418E+03     0.355418E+03     0.355418E+03     0.355418E+03     0.355418E+03     0.355418E+03     0.355418E+03     0.355418E+03     0.355418E+03     0.355418E+03     0.355417E+03     0.355417E+03     0.355416E+03     0.355414E+03     0.355412E+03     0.355407E+03     0.355401E+03     0.355391E+03     0.355375E+03     0.355350E+03     0.355314E+03     0.355261E+03     0.355183E+03     0.355071E+03     0.354913E+03     0.354694E+03     0.354394E+03     0.353988E+03     0.353449E+03     0.352743E+03     0.351833E+03     0.350679E+03     0.349235E+03     0.347459E+03     0.345307E+03     0.342741E+03     0.339729E+03     0.336247E+03     0.332287E+03     0.327854E+03     0.322968E+03     0.317669E+03     0.312014E+03     0.306072E+03     0.299929E+03     0.293679E+03     0.293679E+03
     0.293681E+03     0.293681E+03     0.299952E+03     0.306116E+03     0.312078E+03     0.317752E+03     0.323069E+03     0.327971E+03     0.332420E+03     0.336393E+03     0.339887E+03     0.342909E+03     0.345484E+03     0.347643E+03     0.349426E+03     0.350874E+03     0.352033E+03     0.352946E+03     0.353654E+03     0.354195E+03     0.354602E+03     0.354903E+03     0.355123E+03     0.355281E+03     0.355393E+03     0.355472E+03     0.355525E+03     0.355562E+03     0.355586E+03     0.355602E+03     0.355612E+03     0.355619E+03     0.355623E+03     0.355626E+03     0.355627E+03     0.355628E+03     0.355629E+03     0.355629E+03     0.355629E+03     0.355629E+03     0.355630E+03     0.355630E+03     0.355630E+03     0.355630E+03     0.355630E+03     0.355630E+03     0.355630E+03     0.355630E+03     0.355630E+03     0.355630E+03     0.355630E+03     0.355630E+03     0.355630E+03     0.355630E+03     0.355630E+03     0.355630E+03     0.355630E+03     0.355630E+03     0.355630E+03     0.355630E+03     0.355630E+03     0.355630E+03     0.355629E+03     0.355629E+03     0.355629E+03     0.355629E+03     0.355628E+03     0.355627E+03     0.355626E+03     0.355623E+03     0.355619E+03     0.355612E+03     0.355602E+03     0.355586E+03     0.355562E+03     0.355525E+03     0.355472E+03     0.355393E+03     0.355281E+03     0.355123E+03     0.354903E+03     0.354602E+03     0.354195E+03     0.353654E+03     0.352946E+03     0.352033E+03     0.350874E+03     0.349426E+03     0.347643E+03     0.345484E+03     0.342909E+03     0.339887E+03     0.336393E+03     0.332420E+03     0.327971E+03     0.323069E+03     0.317752E+03     0.312078E+03     0.306116E+03     0.299952E+03     0.293681E+03     0.293681E+03
